1000 1996
0 2
0 964
1 2
1 3
1 4
1 8
1 14
1 34
1 46
1 52
1 78
1 90
1 96
1 121
1 140
1 146
1 182
1 218
1 219
1 240
1 244
1 251
1 259
1 262
1 297
1 315
1 318
1 327
1 330
1 336
1 337
1 399
1 401
1 406
1 419
1 421
1 447
1 485
1 515
1 517
1 538
1 559
1 630
1 655
1 656
1 658
1 668
1 669
1 726
1 779
1 815
1 830
1 844
1 965
1 978
1 996
2 3
2 5
2 8
2 9
2 10
2 12
2 23
2 27
2 32
2 38
2 41
2 42
2 48
2 63
2 64
2 92
2 104
2 126
2 164
2 168
2 171
2 176
2 191
2 199
2 253
2 258
2 335
2 349
2 361
2 445
2 466
2 488
2 495
2 505
2 526
2 592
2 646
2 756
2 758
2 769
2 796
2 884
2 889
2 935
2 958
2 962
3 4
3 7
3 11
3 12
3 16
3 18
3 24
3 26
3 29
3 41
3 45
3 50
3 59
3 60
3 62
3 65
3 67
3 73
3 86
3 91
3 93
3 107
3 108
3 110
3 135
3 137
3 141
3 142
3 163
3 169
3 209
3 252
3 254
3 269
3 283
3 313
3 320
3 328
3 332
3 342
3 395
3 425
3 427
3 444
3 454
3 465
3 490
3 507
3 550
3 564
3 578
3 581
3 619
3 633
3 638
3 689
3 762
3 801
3 860
3 881
3 890
3 899
3 906
3 933
3 972
3 980
3 985
4 5
4 6
4 9
4 10
4 13
4 20
4 39
4 45
4 54
4 97
4 118
4 149
4 154
4 172
4 186
4 217
4 227
4 240
4 285
4 326
4 383
4 407
4 441
4 483
4 522
4 684
4 736
4 797
4 844
4 880
5 6
5 24
5 33
5 36
5 99
5 105
5 126
5 148
5 149
5 167
5 202
5 203
5 235
5 243
5 245
5 292
5 307
5 308
5 369
5 370
5 397
5 429
5 445
5 510
5 567
5 573
5 629
5 728
5 794
6 7
6 14
6 15
6 17
6 20
6 21
6 22
6 23
6 27
6 34
6 39
6 48
6 58
6 59
6 71
6 91
6 114
6 139
6 227
6 228
6 235
6 288
6 359
6 408
6 422
6 468
6 508
6 554
6 579
6 616
6 640
6 748
6 766
6 775
6 786
6 812
6 831
6 836
6 891
6 997
7 30
7 71
7 125
7 219
7 471
7 496
7 839
7 980
8 13
8 25
8 28
8 47
8 68
8 90
8 163
8 181
8 271
8 498
8 506
8 612
8 654
8 673
8 677
8 792
8 943
8 977
8 995
9 11
9 19
9 44
9 161
9 653
9 659
9 711
9 828
9 868
10 19
10 61
10 62
10 129
10 164
10 270
10 287
10 340
10 374
10 385
10 472
10 531
10 594
10 652
10 757
10 819
10 971
11 15
11 16
11 25
11 31
11 36
11 37
11 50
11 51
11 54
11 63
11 83
11 88
11 105
11 108
11 112
11 120
11 131
11 136
11 155
11 156
11 186
11 187
11 206
11 207
11 230
11 241
11 247
11 273
11 278
11 293
11 312
11 370
11 388
11 403
11 423
11 535
11 547
11 608
11 610
11 649
11 683
11 717
11 753
11 757
11 795
11 851
11 859
11 900
11 904
11 914
11 926
11 948
11 949
11 965
12 99
12 124
12 282
12 317
12 378
12 385
12 458
12 490
12 910
13 112
13 195
13 729
14 17
14 40
14 52
14 89
14 165
14 166
14 426
14 539
14 693
15 28
15 30
15 33
15 43
15 109
15 214
15 244
15 322
15 331
15 485
15 559
15 698
15 774
15 842
15 850
15 903
15 982
16 18
16 44
16 57
16 64
16 135
16 145
16 147
16 179
16 201
16 238
16 270
16 273
16 339
16 365
16 411
16 431
16 499
16 523
16 532
16 557
16 588
16 605
16 624
16 643
16 733
16 778
16 807
16 843
16 882
16 989
17 21
17 35
17 49
17 53
17 66
17 97
17 138
17 143
17 173
17 185
17 192
17 196
17 205
17 254
17 281
17 325
17 330
17 356
17 379
17 414
17 516
17 546
17 548
17 680
17 686
17 710
17 712
17 715
17 850
17 978
17 987
17 993
18 26
18 29
18 144
18 171
18 430
18 457
18 472
18 530
18 730
18 987
19 58
19 216
19 424
19 534
19 542
19 699
19 992
20 22
20 31
20 47
20 69
20 94
20 100
20 116
20 124
20 127
20 170
20 231
20 256
20 283
20 327
20 350
20 614
20 742
20 772
22 46
22 180
22 184
22 190
22 212
22 314
22 409
22 543
22 641
23 511
24 115
24 130
24 214
24 520
24 642
24 782
25 85
25 146
25 247
25 347
25 392
25 667
26 119
26 128
26 207
26 274
26 279
26 296
26 354
26 364
26 555
26 701
26 751
26 799
27 38
27 56
27 76
27 95
27 96
27 102
27 129
27 131
27 134
27 174
27 188
27 191
27 192
27 239
27 246
27 277
27 284
27 343
27 345
27 375
27 409
27 412
27 439
27 443
27 467
27 511
27 549
27 575
27 580
27 585
27 661
27 673
27 781
27 823
27 912
28 32
28 37
28 80
28 185
28 209
28 263
28 320
28 372
28 378
28 746
28 825
28 836
28 889
29 67
29 80
29 82
29 92
29 116
29 139
29 142
29 152
29 166
29 272
29 296
29 331
29 355
29 555
29 600
29 610
29 691
29 864
29 886
29 888
29 895
30 138
30 210
30 314
30 729
31 53
31 55
31 57
31 188
31 218
31 375
31 417
31 440
31 491
31 509
31 526
31 794
31 832
31 996
32 56
32 68
32 81
32 94
32 226
32 316
32 551
32 572
32 829
32 907
33 43
33 51
33 106
33 158
33 177
33 301
33 379
33 404
33 570
33 590
33 597
33 625
33 672
33 758
33 790
33 830
33 847
33 957
34 35
34 40
34 79
34 101
34 122
34 162
34 230
34 276
34 464
35 113
35 117
35 158
35 174
35 213
35 268
35 288
35 399
35 427
35 450
35 486
35 502
35 506
35 724
35 768
35 837
35 873
37 120
37 743
37 776
38 72
38 81
38 114
38 121
38 133
38 175
38 178
38 302
38 311
38 398
38 402
38 648
38 723
38 813
38 884
38 924
39 60
39 69
39 147
39 155
39 198
39 223
39 279
39 366
39 369
39 594
39 637
39 822
39 988
40 42
40 215
40 239
40 488
40 698
40 752
40 963
41 72
41 104
41 265
41 670
41 777
42 74
42 83
42 98
42 189
42 222
42 229
42 248
42 313
42 380
42 492
42 675
42 740
42 772
43 49
43 95
43 160
43 200
43 280
43 284
43 519
43 538
43 582
43 602
43 607
43 838
43 930
43 968
44 61
44 75
44 79
44 117
44 132
44 144
44 159
44 179
44 200
44 223
44 241
44 291
44 334
44 344
44 446
44 547
44 569
44 650
44 680
44 688
44 797
44 810
44 854
44 876
45 70
45 74
45 123
45 132
45 236
45 253
45 346
45 474
45 604
46 55
46 73
46 250
46 435
46 554
46 745
46 805
46 808
47 70
47 77
47 93
47 122
47 125
47 151
47 153
47 193
47 208
47 252
47 278
47 298
47 382
47 384
47 574
47 623
47 819
47 834
47 837
48 180
48 194
48 206
48 211
48 272
48 276
48 344
48 420
48 459
48 480
48 565
48 656
48 674
48 803
48 847
48 870
48 892
49 267
49 424
49 439
49 455
49 502
49 537
50 205
50 359
50 393
50 632
50 651
50 697
52 82
52 118
53 84
53 87
53 133
53 238
53 295
53 316
53 400
53 451
53 494
53 760
53 865
55 113
55 300
55 361
55 924
56 76
56 170
56 172
56 246
56 285
56 290
56 363
56 533
56 548
56 611
56 657
56 661
56 721
56 785
56 855
57 140
57 151
57 156
57 183
57 224
57 234
57 251
57 295
57 343
57 386
57 438
57 505
57 518
57 537
57 575
57 577
57 639
57 815
57 866
57 885
57 989
58 266
58 457
58 645
58 767
58 901
59 127
59 249
59 293
59 393
59 501
59 665
59 696
59 754
59 828
59 951
59 955
59 959
60 153
60 183
60 202
60 348
60 453
60 517
60 606
60 633
60 765
60 893
61 157
61 355
61 391
61 536
61 615
62 65
62 86
62 100
62 107
62 271
62 386
62 536
62 556
62 689
62 690
62 796
62 809
62 930
62 972
63 307
63 659
63 778
64 602
64 940
65 66
65 78
65 106
65 136
65 233
65 436
65 462
65 500
65 518
65 622
65 707
65 765
65 970
66 103
66 141
66 197
66 390
66 560
66 759
67 77
67 98
67 103
67 111
67 115
67 169
67 189
67 190
67 193
67 225
67 277
67 299
68 851
69 84
70 216
70 249
70 351
70 496
70 720
70 760
71 85
71 89
71 220
71 263
71 264
71 414
71 466
71 598
71 621
71 734
71 863
72 75
72 210
72 329
72 395
72 878
72 997
73 145
73 522
73 552
73 713
73 859
74 257
74 514
75 87
75 710
75 730
75 745
75 885
75 919
76 161
76 195
76 221
76 319
76 325
76 358
76 366
76 394
76 397
76 405
76 647
76 703
76 721
76 747
76 793
76 977
77 182
77 310
77 376
78 123
78 374
78 380
78 381
78 425
78 451
78 929
79 88
79 101
79 102
79 268
79 357
79 367
79 392
79 515
79 671
80 167
80 187
80 337
80 396
81 109
81 349
81 493
81 647
81 872
81 887
82 601
84 110
84 128
84 137
84 143
84 688
86 148
86 319
86 539
86 543
86 580
86 835
87 194
87 658
88 157
88 201
88 215
88 771
88 775
88 897
88 957
89 362
89 527
89 944
90 237
90 707
91 513
91 739
92 150
92 281
92 473
92 493
92 494
92 589
93 177
93 225
93 422
93 479
93 533
93 542
94 723
94 931
95 159
95 384
95 448
95 561
96 168
96 234
96 857
96 906
97 198
97 222
97 228
97 303
97 449
97 459
97 503
97 756
97 806
97 966
98 834
100 176
101 165
102 196
102 788
102 890
102 912
103 111
103 119
103 282
103 335
103 540
103 564
104 474
104 716
104 999
105 199
105 512
105 553
105 588
105 858
106 260
106 266
106 620
106 780
106 864
107 373
109 203
109 231
109 233
109 660
109 700
109 991
109 995
110 175
110 286
110 461
110 501
110 821
111 732
112 248
112 634
112 963
113 334
114 224
114 280
114 437
114 812
115 212
115 565
115 736
116 553
117 130
117 134
117 150
117 340
117 400
117 434
117 444
117 741
117 903
117 973
118 211
118 338
118 483
120 242
121 784
123 264
123 290
123 603
123 706
123 874
123 923
124 442
124 682
124 727
124 777
124 898
124 992
125 154
125 217
125 275
125 323
125 326
125 458
125 469
125 549
125 817
125 826
125 835
125 849
125 983
126 261
126 289
126 460
126 705
126 746
127 255
128 208
128 242
128 308
128 324
128 356
128 387
128 571
128 816
128 826
129 160
129 345
129 696
130 845
132 220
132 500
133 573
133 587
133 994
135 321
135 672
137 381
139 152
139 616
139 814
139 895
140 572
142 446
143 566
143 848
144 440
145 232
145 342
145 762
147 258
147 265
147 354
147 433
148 497
148 702
148 848
148 867
148 871
151 300
151 357
152 315
152 719
152 827
154 695
155 305
155 874
156 789
157 292
157 323
157 352
157 441
158 250
158 743
158 951
158 954
159 204
159 627
159 679
160 744
161 162
161 184
161 256
161 546
161 682
161 719
161 873
161 897
161 967
162 678
163 173
163 363
163 476
163 636
163 749
163 940
163 976
164 312
166 413
166 418
166 947
167 303
167 332
167 582
168 197
168 795
170 368
170 585
171 221
171 301
171 773
171 855
172 675
173 181
173 255
173 269
173 297
173 389
173 606
173 632
174 178
174 302
174 482
174 595
174 597
174 643
174 671
175 713
175 804
176 229
176 530
176 921
177 237
177 311
177 415
179 368
179 961
180 655
180 694
180 768
181 489
181 666
183 419
183 918
184 645
184 761
184 932
186 232
187 634
189 624
189 716
189 911
190 813
191 226
191 259
191 449
191 593
192 274
192 350
192 528
192 619
192 725
192 800
193 571
193 920
194 245
194 430
194 452
194 628
194 788
194 853
195 213
195 481
195 607
196 432
196 443
196 507
196 663
197 347
197 431
197 480
197 487
197 937
198 261
198 388
198 455
198 521
198 629
198 807
199 204
199 583
199 644
199 692
201 322
201 364
201 608
201 618
201 644
201 677
202 305
202 521
203 484
204 428
204 433
204 461
205 317
205 339
205 563
206 243
206 324
206 503
206 706
208 287
208 898
208 900
210 289
210 478
210 669
210 916
211 595
211 981
214 236
214 584
216 939
216 969
217 473
218 262
218 383
218 605
218 982
221 510
223 341
223 561
223 576
225 591
225 945
225 976
228 328
228 336
228 365
228 902
230 714
230 872
231 640
232 432
232 541
233 411
233 558
234 769
234 839
235 304
235 567
235 570
235 732
235 967
237 617
238 404
239 260
239 477
239 714
239 846
240 275
241 382
241 429
241 741
242 348
242 953
244 353
244 598
245 631
246 416
246 423
246 448
247 403
248 294
248 525
248 557
249 497
250 352
250 512
251 791
253 613
254 949
255 257
255 576
255 683
255 742
257 310
257 416
257 603
257 810
257 994
258 309
258 338
258 931
259 267
259 286
259 415
259 421
259 711
260 362
260 477
260 563
260 596
260 727
260 782
260 787
260 902
261 560
261 569
263 484
263 495
263 508
263 529
263 763
263 793
263 852
263 862
263 932
265 915
266 871
267 413
268 426
268 516
269 917
272 410
273 456
276 304
276 372
276 412
276 467
276 475
276 519
276 666
278 291
278 371
278 545
279 294
279 306
279 367
279 407
279 514
279 690
279 950
280 360
280 492
280 878
281 373
281 755
283 881
285 298
285 321
286 358
286 391
286 674
287 875
287 934
289 544
289 552
290 665
290 818
290 849
293 479
295 299
295 306
295 353
295 454
295 460
297 333
297 776
298 329
298 394
298 662
298 818
298 948
300 670
301 309
301 562
301 651
302 346
302 371
302 592
302 663
303 652
303 905
304 341
304 387
304 428
306 406
306 556
307 438
307 589
307 596
309 351
309 676
313 853
313 966
315 318
316 618
316 623
317 586
318 861
319 376
319 524
319 798
319 907
322 509
324 694
325 333
326 648
328 436
328 611
328 681
328 735
328 820
328 905
328 925
329 722
329 943
330 463
330 476
330 920
332 471
335 470
335 785
335 846
336 437
336 824
337 991
338 389
338 615
338 654
341 568
343 664
343 786
343 939
344 866
345 529
345 551
345 577
346 360
347 927
348 820
348 979
349 402
349 452
349 478
350 396
352 434
352 487
352 750
354 562
354 787
354 981
355 390
355 498
355 664
355 755
356 568
356 617
356 650
356 750
356 767
356 860
359 405
359 798
360 420
360 435
360 959
362 377
362 442
362 489
362 990
363 544
363 631
363 717
363 806
366 463
366 968
368 599
369 642
370 401
370 540
371 491
371 499
371 581
373 377
373 869
374 447
374 704
375 504
375 686
375 704
376 718
377 919
378 678
379 579
379 944
380 702
380 802
380 942
383 614
383 934
384 398
384 638
385 599
386 475
388 468
394 583
394 751
395 469
396 417
396 558
396 916
397 410
400 418
400 749
400 811
400 938
401 408
402 909
403 550
405 541
406 586
406 875
406 922
408 999
409 792
409 998
411 520
413 524
414 867
416 771
417 532
417 986
419 453
419 590
419 708
419 712
419 731
421 450
421 609
421 700
421 708
424 525
424 626
424 876
425 465
426 973
430 462
430 535
430 827
431 456
431 464
432 584
432 880
433 781
437 574
439 470
439 482
439 956
444 687
446 738
446 764
447 809
447 990
448 679
450 486
452 481
454 635
455 868
456 685
456 715
456 738
456 969
457 892
457 925
457 960
460 636
461 545
461 612
461 780
462 891
463 504
464 825
465 737
467 625
467 724
467 928
468 534
468 653
475 811
478 627
478 703
480 667
481 845
483 857
485 676
485 693
485 722
486 621
486 975
493 763
493 802
496 531
496 601
497 513
497 528
502 613
502 639
506 628
506 956
507 566
508 823
509 779
510 591
512 899
514 914
515 626
515 822
516 684
518 523
518 527
518 896
520 783
521 649
525 770
525 896
526 604
528 766
528 863
528 960
529 609
529 726
529 739
531 731
531 964
532 705
534 668
535 593
535 928
537 587
538 938
546 718
546 737
547 600
547 773
547 816
547 913
548 735
550 740
550 952
551 630
551 790
551 799
553 984
557 695
557 947
563 805
564 641
564 954
566 685
568 646
568 879
568 933
569 770
571 578
572 841
575 883
577 637
580 720
581 913
583 988
584 701
584 974
585 681
589 657
591 829
592 791
592 800
593 858
596 744
597 620
597 937
601 660
603 908
604 754
605 904
607 691
607 894
607 945
610 752
611 910
612 635
612 801
612 861
613 887
614 761
614 952
617 697
618 622
618 840
619 814
620 764
621 909
621 911
628 692
628 728
629 841
634 789
635 774
639 699
639 856
648 662
650 783
655 803
656 784
659 894
661 877
662 979
665 869
667 984
668 709
674 817
680 687
681 985
683 915
683 941
685 733
690 747
693 842
693 961
695 734
699 759
703 709
704 921
705 862
706 870
712 753
717 725
719 926
724 833
730 927
731 748
736 843
736 958
741 975
742 840
744 838
745 856
746 986
751 854
751 886
752 882
754 922
765 804
765 852
779 962
784 821
785 893
785 936
786 908
789 879
790 808
790 942
791 946
804 901
805 833
815 831
815 929
817 824
817 832
825 946
832 883
837 971
840 970
848 888
848 993
848 998
856 941
859 865
859 877
860 974
861 936
864 935
867 917
886 955
904 918
905 923
912 950
942 953
945 983
0.0253397 0.253075 0.257951 0.449777 0.19491 0.124317 0.173636 0.0788782 0.0897971 0.0803032 0.0779966 0.232189 0.0838998 0.0313303 0.0603247 0.0717938 0.137064 0.0783487 0.0849014 0.0201063 0.0732994 0.0244365 0.0345913 0.0432659 0.0614961 0.0389463 0.0663307 0.107139 0.0443377 0.0959588 0.017148 0.0559027 0.0403295 0.0408593 0.0562679 0.0331595 0.0345675 0.0302413 0.0559122 0.0590018 0.0221004 0.0766643 0.0444483 0.0224946 0.0505624 0.0746885 0.0388907 0.0449848 0.0620883 0.0133727 0.0740444 0.0264746 0.0341441 0.0221311 0.0414122 0.0131656 0.0319335 0.0501514 0.0210888 0.0745896 0.06603 0.0159651 0.0927692 0.0523704 0.0398224 0.0720316 0.022571 0.0721314 0.0149415 0.0143594 0.0146395 0.0339459 0.0215815 0.0565214 0.012345 0.0105424 0.0246912 0.014265 0.0423566 0.0210627 0.0209394 0.0148532 0.012846 0.0268223 0.0157803 0.00706815 0.0598048 0.00665885 0.0313951 0.00978456 0.0347041 0.0617019 0.0382602 0.0547914 0.0120417 0.0148424 0.0445888 0.0389556 0.0118377 0.0201901 0.0189057 0.00814287 0.0198907 0.0196961 0.0344358 0.0410802 0.0134221 0.0532401 0.0661209 0.0135782 0.049523 0.00929523 0.0273922 0.00501484 0.0259664 0.0165704 0.0169667 0.0181637 0.0258672 0.00834064 0.0258975 0.0305944 0.00981841 0.0135857 0.0174311 0.0242863 0.0401015 0.0150567 0.014195 0.020673 0.00780726 0.0329026 0.0133924 0.0090817 0.0121515 0.058607 0.0294962 0.045969 0.00926081 0.0315528 0.0300842 0.0457971 0.053921 0.0101406 0.0137893 0.0284768 0.0283165 0.0240473 0.0195133 0.030955 0.00547115 0.00980351 0.0159354 0.0107639 0.0216319 0.0290915 0.0276973 0.00822862 0.00942375 0.00700654 0.00426981 0.0153411 0.00712991 0.0595856 0.0350885 0.00663964 0.0158434 0.0196944 0.0326249 0.050602 0.0117263 0.0360565 0.0226275 0.024475 0.0184375 0.0111163 0.0289095 0.0107784 0.00721015 0.018767 0.0125451 0.0114656 0.0259234 0.0145287 0.00542096 0.0118973 0.0421286 0.025067 0.0158109 0.013329 0.010977 0.0409032 0.0258285 0.0124577 0.0108099 0.00630349 0.015801 0.00823718 0.0163349 0.0306765 0.00708394 0.0224503 0.0194672 0.0136324 0.00482303 0.0174637 0.0315948 0.0289433 0.0091381 0.0479079 0.00719386 0.00895797 0.00496118 0.00382697 0.0140391 0.00518722 0.00366244 0.0218197 0.0379209 0.0321884 0.00459041 0.0071552 0.00808759 0.0112818 0.00738103 0.0134702 0.00787734 0.0357383 0.0303032 0.00711327 0.0287812 0.0101531 0.00738842 0.00988277 0.0125905 0.0324016 0.00860301 0.0046713 0.0159694 0.0139764 0.0440829 0.0300329 0.00467206 0.0151186 0.0325641 0.0133427 0.0163394 0.0291963 0.00878823 0.00902772 0.00571741 0.0299504 0.0479705 0.0326297 0.0538959 0.00738972 0.0085956 0.00308415 0.0287841 0.0342767 0.00480736 0.00628483 0.0282174 0.0140689 0.0046092 0.0100833 0.00356357 0.0048255 0.00690186 0.0464509 0.020852 0.0177019 0.01561 0.0364134 0.00893574 0.00662962 0.0158977 0.0173837 0.0289679 0.0172215 0.00573277 0.0121786 0.0100445 0.0554659 0.0125717 0.0237534 0.00939367 0.00909052 0.0200541 0.00533161 0.00561057 0.00771115 0.0128531 0.0305469 0.00252194 0.0138703 0.0157347 0.0278183 0.0101309 0.00833834 0.00297597 0.00881177 0.0119604 0.00705944 0.00519715 0.00470837 0.00648538 0.0185762 0.0134315 0.00417382 0.00168218 0.00646719 0.0259148 0.0493137 0.00501736 0.0287754 0.00690706 0.01017 0.0277407 0.00932127 0.0479079 0.00798552 0.0100226 0.00315283 0.00460102 0.0103516 0.0220046 0.0316481 0.0519354 0.00431254 0.0338739 0.0162654 0.0466989 0.00370145 0.00538883 0.0283487 0.0283394 0.0269516 0.00671346 0.0149824 0.00932426 0.00243989 0.0463695 0.0175536 0.0115031 0.014538 0.00870602 0.00470745 0.00750137 0.0279978 0.00999549 0.0018242 0.00179834 0.00450262 0.00923534 0.0126641 0.0156411 0.00299304 0.00330547 0.0248153 0.00313952 0.0262895 0.0020952 0.0120995 0.00860765 0.0162276 0.00883196 0.00371228 0.00313548 0.0185289 0.0380383 0.010372 0.00584104 0.00657097 0.0146533 0.0172423 0.00240129 0.000948323 0.0126199 0.01354 0.00896103 0.00856395 0.0072738 0.0238677 0.0107575 0.0158767 0.0141472 0.00188034 0.0261279 0.00302425 0.00341642 0.00245886 0.00581869 0.0144113 0.00458928 0.0463654 0.00394805 0.0147351 0.00646514 0.0277559 0.00509008 0.0301954 0.00825215 0.0299902 0.00551056 0.00491673 0.0261696 0.0205697 0.020281 0.0149148 0.00294255 0.0149789 0.011932 0.00211167 0.0112244 0.00436897 0.00219949 0.00736014 0.00202979 0.0298496 0.00632537 0.0298042 0.0221508 0.024097 0.00420378 0.0524909 0.00675361 0.0468242 0.000971708 0.0149671 0.01292 0.015422 0.00440339 0.00384311 0.00193562 0.00407564 0.0120192 0.00574327 0.00666417 0.0126005 0.00675754 0.0196977 0.0018934 0.0119225 0.0459243 0.037068 0.0104042 0.0273676 0.00311926 0.00774415 0.00652481 0.00625314 0.00386697 0.00929656 0.0455929 0.00367043 0.00631242 0.0117274 0.0104898 0.00979854 0.00584869 0.00724144 0.00996311 0.00434435 0.0074485 0.0492525 0.0283048 0.0132427 0.0209491 0.00685029 0.00397099 0.0121759 0.0157946 0.00582573 0.0105809 0.0029894 0.00906208 0.00182165 0.00380827 0.00827408 0.00726349 0.00106976 0.00301014 0.0220347 0.00268633 0.0331863 0.00432064 0.000973105 0.0271561 0.001315 0.0517435 0.00642623 0.00486594 0.00546976 0.005856 0.0263772 0.0102117 0.00387737 0.00993533 0.0142946 0.00828231 0.0120338 0.00544827 0.00684109 0.00209344 0.0298757 0.0125272 0.0456889 0.0193929 0.0091187 0.0130378 0.0145859 0.00884886 0.00635867 0.00509743 0.0276979 0.0101959 0.0309423 0.0136251 0.00372319 0.00754735 0.00570804 0.0243799 0.01461 0.0011086 0.0014679 0.0315132 0.00226993 0.00508676 0.00618889 0.0110348 0.00941253 0.0145342 0.00840928 0.00644749 0.0247839 0.0105425 0.00630442 0.0270236 0.0116484 0.00559796 0.0011932 0.00726203 0.00915296 0.00169023 0.00351074 0.00975472 0.0303569 0.0112893 0.0127452 0.0479304 0.00901653 0.00599707 0.00572522 0.0206097 0.0157347 0.00962331 0.0148063 0.00134101 0.031502 0.00279801 0.00253339 0.00174987 0.00255723 0.0468122 0.00762755 0.0056528 0.0151974 0.00868292 0.00557821 0.00710447 0.00687684 0.00702421 0.0129359 0.00491886 0.0154549 0.00181049 0.00689237 0.0442753 0.0181516 0.0164813 0.0453256 0.00409115 0.00401224 0.00289466 0.0125533 0.00352374 0.00149205 0.0172722 0.0058668 0.00685674 0.00297756 0.027219 0.00681982 0.0132844 0.00265679 0.00235112 0.00607963 0.00644965 0.00184347 0.012247 0.00238579 0.00604273 0.00180956 0.0111352 0.0193667 0.00877529 0.00408294 0.024689 0.00349031 0.03246 0.00900576 0.0148266 0.00386843 0.0101141 0.00219903 0.0198981 0.002691 0.00373637 0.0468504 0.0020077 0.00398887 0.00734607 0.00503169 0.0145813 0.00524656 0.00309353 0.0010487 0.00379188 0.0138353 0.0254146 0.00246712 0.00955225 0.0500106 0.00540843 0.00659514 0.0063444 0.00638975 0.0446517 0.00578111 0.0178231 0.00789319 0.00775937 0.0150771 0.0051513 0.00257087 0.0258548 0.00383504 0.00773229 0.0230658 0.00655175 0.00803349 0.00824759 0.00981812 0.00935847 0.0265908 0.0311933 0.00366583 0.025186 0.0130254 0.00154803 0.0138892 0.00181982 0.00269214 0.00293018 0.00791253 0.00265357 0.00457748 0.0254332 0.0252378 0.00772194 0.00383054 0.0096444 0.0190977 0.00731482 0.00650417 0.00362282 0.0108841 0.00191509 0.000981921 0.013055 0.0105803 0.0031779 0.0237828 0.0198886 0.00247174 0.00927013 0.00571853 0.00643256 0.052603 0.0109999 0.00969962 0.00334237 0.0101097 0.00166271 0.00388892 0.00923709 0.00743995 0.00910493 0.0027483 0.00420683 0.00671165 0.00276108 0.00303161 0.00339681 0.00548167 0.00501177 0.010349 0.00578464 0.00276028 0.00862022 0.0111104 0.0127955 0.00655795 0.00414609 0.00821003 0.00463147 0.0241556 0.00117884 0.00526499 0.0030177 0.00549156 0.00363626 0.0065898 0.00458165 0.0048468 0.0251404 0.0021564 0.0124229 0.00470085 0.00938626 0.00549185 0.00404344 0.0135286 0.00366899 0.00613027 0.0246845 0.00572123 0.00162077 0.00658287 0.00895701 0.00475852 0.00800214 0.00384598 0.000861749 0.00491686 0.00833554 0.00346114 0.017371 0.00627084 0.00169108 0.00849098 0.00664117 0.0237532 0.00863926 0.00240888 0.0287905 0.0300754 0.0289751 0.00245506 0.00356554 0.00150651 0.0463695 0.00189475 0.00120342 0.0139058 0.0173318 0.00356184 0.00443226 0.0262338 0.000683202 0.00325735 0.0114179 0.00643952 0.00760119 0.0198825 0.00562965 0.00912359 0.018367 0.0281143 0.00200353 0.0107629 0.00642875 0.00136703 0.00651844 0.00663107 0.018734 0.00136158 0.00297718 0.00332269 0.00539359 0.00564493 0.0101539 0.00375897 0.0174758 0.025676 0.0340073 0.0238023 0.00331023 0.00730536 0.00514418 0.0450462 0.00139932 0.00859944 0.00264936 0.00410084 0.00495084 0.014873 0.00429425 0.0116483 0.00520156 0.000783463 0.0193567 0.00648642 0.00760207 0.0320368 0.00431959 0.00395026 0.00152643 0.0119249 0.00576271 0.00543359 0.00840727 0.012271 0.00313115 0.00512283 0.00373125 0.00279776 0.0150188 0.00419954 0.0285025 0.0199451 0.00600548 0.000842006 0.00550965 0.00815335 0.0211378 0.00838982 0.002265 0.00886908 0.00183258 0.00202282 0.00794214 0.0156826 0.0434401 0.000860731 0.0041044 0.00998316 0.00478986 0.00289903 0.0145597 0.0239612 0.00271256 0.00582949 0.00572574 0.00659316 0.00127289 0.00646051 0.00464453 0.028874 0.0455809 0.00422978 0.00189589 0.00378523 0.0131543 0.00494557 0.00597826 0.00344979 0.0081425 0.00140431 0.00650688 0.00223774 0.00423103 0.00470335 0.00413798 0.00341914 0.00531017 0.00414653 0.00264863 0.00116406 0.0193268 0.0489864 0.0139329 0.00208111 0.0304349 0.00588504 0.0109309 0.00181553 0.00976817 0.0293122 0.0455375 0.0178045 0.007158 0.00704511 0.00165893 0.0123633 0.00146337 0.00453172 0.00257625 0.0444665 0.0233984 0.00230202 0.00340477 0.00872298 0.0247594 0.0059032 0.0479324 0.00481465 0.00199229 0.0011871 0.00900813 0.00167918 0.0125996 0.00733778 0.0230066 0.00328355 0.00108041 0.00483817 0.00380928 0.00111418 0.00449269 0.00313271 0.00337533 0.00188964 0.00669873 0.00617249 0.0230229 0.00136647 0.00368727 0.00721365 0.0111759 0.00395889 0.00189007 0.0444505 0.0031959 0.0262883 0.00105321 0.00138832 0.00311407 0.00205745 0.00963856 0.00242931 0.00144951 0.00912564 0.002262 0.00194858 0.00104415 0.00297173 0.0234947 0.027738 0.00289177 0.00814614 0.00562783 0.000593538 0.0054525 0.00829207 0.00243686 0.00700627 0.0274065 0.00753672 0.00163039 0.00279994 0.0277391 0.00479906 0.00336987 0.0470526 0.00855884 0.00462992 0.00303793 0.000967164 0.00716149 0.00837659 0.052603 0.00241619 0.00469994 0.000880401 0.00708324 0.0111021 0.0321382 0.000903762 0.0512568 0.0017641 0.0106389 0.00254387 0.000998975 0.0446344 0.00152196 0.0158295 0.00611048 0.0181518 0.00285699 0.00393018 0.00363989 0.00806248 0.00117977 0.0100242 0.0299608 0.0189311 0.00191096 0.00530595 
