643 2280
0 223
1 76
1 105
1 193
2 18
2 77
2 83
2 87
2 119
2 122
2 173
2 190
2 195
2 204
2 207
2 262
3 158
4 22
4 31
4 48
4 58
4 143
4 189
5 21
5 31
5 39
5 40
5 58
5 109
5 119
5 149
5 150
5 166
5 192
5 223
5 236
5 252
5 254
5 298
5 414
5 462
5 546
5 551
5 628
6 14
6 39
6 51
6 59
6 82
6 83
6 90
6 244
6 256
7 39
7 64
7 154
7 198
7 223
7 254
7 569
8 21
8 22
8 35
8 45
8 168
8 175
8 193
8 195
8 198
8 207
8 246
9 45
10 21
10 45
10 63
10 64
10 132
10 154
10 195
10 251
11 119
11 175
12 21
12 48
12 127
12 139
12 168
12 196
12 208
12 222
12 237
13 21
13 45
13 199
13 262
14 45
14 51
14 53
14 54
14 64
14 84
14 98
14 112
14 119
14 129
14 147
14 207
14 223
14 244
15 46
15 62
15 64
15 144
15 150
15 151
15 166
15 167
15 172
15 179
15 195
15 252
15 254
16 21
17 117
18 63
18 64
18 73
18 83
18 87
18 114
18 119
18 149
18 172
18 175
18 181
18 184
18 195
18 209
18 210
18 241
19 149
19 216
20 24
20 46
20 48
20 75
20 139
20 199
20 210
21 24
21 27
21 29
21 31
21 39
21 45
21 46
21 48
21 49
21 50
21 53
21 56
21 58
21 61
21 62
21 63
21 64
21 70
21 75
21 84
21 92
21 94
21 103
21 109
21 114
21 115
21 116
21 119
21 121
21 128
21 132
21 139
21 144
21 149
21 150
21 151
21 153
21 156
21 160
21 166
21 167
21 168
21 176
21 181
21 185
21 187
21 189
21 192
21 198
21 199
21 210
21 215
21 218
21 220
21 221
21 222
21 223
21 231
21 232
21 235
21 236
21 240
21 252
21 253
21 262
21 264
22 29
22 30
22 31
22 39
22 58
22 61
22 62
22 64
22 70
22 92
22 94
22 132
22 145
22 150
22 153
22 154
22 164
22 166
22 168
22 189
22 199
22 207
22 221
22 223
22 225
22 231
22 236
22 252
22 254
22 262
23 32
23 153
23 177
24 27
24 48
24 53
24 56
24 63
24 75
24 83
24 90
24 104
24 114
24 116
24 119
24 123
24 138
24 150
24 153
24 157
24 160
24 163
24 203
24 228
24 231
24 249
25 73
25 87
26 66
27 75
27 176
28 59
28 73
28 83
28 87
28 122
29 39
29 62
29 83
29 153
29 154
29 167
29 168
29 181
29 187
29 192
29 198
29 223
30 31
30 39
30 45
30 60
30 132
30 218
31 39
31 45
31 46
31 48
31 51
31 56
31 62
31 63
31 64
31 70
31 84
31 109
31 112
31 114
31 119
31 120
31 123
31 132
31 149
31 150
31 151
31 152
31 154
31 156
31 158
31 164
31 166
31 167
31 172
31 176
31 177
31 189
31 192
31 195
31 210
31 223
31 231
31 235
31 246
31 249
31 252
31 253
31 254
31 262
32 46
32 119
32 177
32 213
33 42
33 45
33 114
33 199
34 48
35 45
35 175
35 204
35 223
35 505
36 170
37 69
37 148
37 221
38 43
38 48
38 139
38 160
38 182
38 183
38 301
39 45
39 53
39 58
39 61
39 64
39 104
39 109
39 119
39 123
39 149
39 150
39 154
39 164
39 166
39 167
39 168
39 185
39 189
39 192
39 198
39 210
39 217
39 223
39 236
39 252
39 254
40 162
40 357
40 409
40 414
40 421
40 462
40 489
40 500
40 515
40 551
40 616
40 628
40 637
41 273
42 45
43 56
43 75
43 248
44 117
44 149
45 58
45 62
45 63
45 64
45 89
45 90
45 92
45 106
45 114
45 117
45 119
45 125
45 132
45 150
45 152
45 153
45 154
45 163
45 164
45 166
45 167
45 168
45 181
45 185
45 189
45 192
45 199
45 201
45 207
45 215
45 223
45 224
45 232
45 245
45 252
45 262
46 61
46 70
46 110
46 123
46 124
46 132
46 150
46 151
46 158
46 165
46 167
46 176
46 189
46 192
46 212
46 232
46 236
46 254
46 357
46 414
46 421
46 489
46 515
46 551
46 598
47 185
48 50
48 55
48 56
48 58
48 62
48 69
48 75
48 97
48 103
48 109
48 114
48 121
48 139
48 144
48 166
48 167
48 176
48 187
48 215
48 219
48 222
48 223
48 231
48 262
49 62
49 152
49 188
49 196
49 210
51 53
51 114
51 161
51 262
52 81
52 99
52 169
52 172
53 60
53 80
53 100
53 119
53 120
53 132
53 144
53 149
53 154
53 155
53 159
53 173
53 184
53 199
53 223
53 228
53 569
54 91
54 149
54 172
54 229
54 244
54 256
55 220
56 62
56 75
56 114
56 156
56 160
56 167
56 197
56 223
56 235
56 254
57 170
58 61
58 62
58 64
58 67
58 92
58 109
58 114
58 116
58 119
58 123
58 137
58 139
58 140
58 149
58 150
58 166
58 167
58 173
58 181
58 185
58 189
58 192
58 197
58 199
58 203
58 210
58 218
58 223
58 231
58 232
58 236
58 246
58 252
58 254
58 262
59 73
59 83
59 87
59 122
59 158
59 262
61 123
61 150
61 228
61 515
61 629
62 74
62 92
62 104
62 114
62 123
62 130
62 132
62 150
62 151
62 164
62 166
62 167
62 168
62 181
62 182
62 185
62 192
62 199
62 223
62 231
62 232
62 246
62 252
62 256
62 262
63 64
63 73
63 83
63 91
63 122
63 146
63 154
63 164
63 170
63 173
63 194
63 195
63 201
63 226
63 635
64 114
64 119
64 120
64 125
64 149
64 150
64 154
64 158
64 166
64 167
64 168
64 173
64 175
64 192
64 195
64 199
64 201
64 207
64 210
64 223
64 236
64 241
64 244
64 252
64 262
65 390
66 127
66 139
66 166
66 258
67 114
67 149
67 166
68 69
68 124
69 114
69 124
69 139
69 141
69 148
69 173
69 176
69 221
69 231
69 253
70 132
70 150
70 154
70 158
70 168
70 181
70 217
70 232
71 199
71 255
72 149
73 75
73 83
73 87
73 122
73 164
73 181
73 195
73 207
74 85
75 139
75 160
75 166
75 231
76 102
76 207
77 131
77 173
77 199
77 234
78 101
79 172
79 195
79 233
79 267
79 366
79 412
79 552
79 637
81 149
82 91
82 119
82 169
82 200
82 262
83 87
83 122
83 207
84 119
84 146
84 192
84 209
84 224
86 114
87 119
87 181
87 195
87 201
88 210
90 114
91 114
92 109
92 114
92 117
92 123
92 223
92 231
93 140
94 124
94 128
94 254
94 264
95 96
96 229
97 215
100 195
101 195
103 154
103 252
104 132
104 199
104 251
105 136
105 369
106 192
107 149
107 204
108 139
109 114
109 137
109 154
109 189
109 210
109 223
109 236
109 252
109 262
111 114
112 262
113 119
113 175
113 194
113 369
114 120
114 127
114 138
114 139
114 144
114 149
114 150
114 156
114 164
114 166
114 168
114 171
114 181
114 189
114 192
114 195
114 197
114 209
114 223
114 231
114 235
114 236
114 242
114 252
114 262
115 228
116 153
116 167
116 262
117 125
117 195
117 209
117 257
118 214
119 125
119 132
119 149
119 164
119 173
119 175
119 192
119 195
119 207
119 210
119 211
119 236
119 241
119 262
120 125
120 153
120 164
120 181
120 231
123 132
123 150
123 151
123 158
123 181
123 192
123 199
123 223
123 228
123 232
123 254
123 264
123 298
123 375
123 414
123 421
123 629
124 264
125 142
125 149
125 164
125 173
125 175
125 195
125 196
125 199
126 127
127 139
127 166
127 167
131 239
132 137
132 150
132 153
132 155
132 158
132 166
132 168
132 181
132 189
132 192
132 195
132 196
132 198
132 199
132 223
132 231
133 257
134 233
135 255
135 257
137 162
137 210
137 221
137 222
137 258
139 140
139 144
139 156
139 160
139 166
139 203
139 219
139 231
139 236
139 262
140 192
140 199
140 210
140 231
140 259
144 176
144 254
148 221
148 254
149 160
149 169
149 183
149 200
149 209
149 216
149 230
149 236
149 261
149 262
149 263
149 291
150 151
150 176
150 189
150 207
150 210
150 223
150 232
150 236
150 252
150 254
150 262
151 236
152 181
152 215
152 218
152 223
153 167
153 187
153 192
153 198
153 199
153 223
154 167
154 168
154 172
154 181
154 184
154 195
154 198
154 201
154 210
154 223
154 232
154 249
154 635
155 158
155 210
156 223
156 235
158 195
158 254
158 462
158 590
159 163
160 164
160 174
160 176
160 235
160 252
160 254
160 502
162 254
162 414
162 637
163 175
163 195
163 210
164 166
164 189
164 192
164 193
164 210
164 223
164 231
164 254
165 254
165 357
165 375
165 414
165 421
165 489
165 500
165 628
165 629
165 636
166 181
166 210
166 213
166 223
166 231
166 235
166 244
166 246
166 252
166 262
166 505
167 176
167 192
167 210
167 222
167 223
167 232
167 235
167 236
167 252
167 254
167 264
168 181
168 185
168 192
168 195
168 196
168 198
168 223
168 232
168 262
170 195
171 191
172 195
172 245
172 247
173 192
173 205
173 231
173 246
173 262
174 238
174 250
174 378
175 187
175 207
175 211
175 241
175 256
175 262
176 222
176 253
176 254
176 264
176 414
176 474
177 213
178 412
178 414
178 421
178 489
178 547
178 612
179 195
180 188
181 195
181 202
181 210
181 223
181 231
181 236
181 262
183 195
183 210
183 301
183 303
183 635
184 185
184 223
185 186
185 223
187 194
187 223
187 252
189 223
189 232
189 236
189 252
189 253
189 254
189 262
189 612
191 243
191 320
191 454
192 198
192 199
192 223
192 236
192 252
192 262
193 204
195 209
195 210
195 241
195 257
195 262
195 529
196 218
197 262
198 223
198 232
198 262
199 200
199 210
199 244
199 262
203 222
203 231
204 505
205 406
206 273
206 438
207 211
207 213
207 223
207 226
210 223
210 236
210 254
210 262
210 278
210 307
210 372
210 414
214 257
215 223
221 237
221 254
222 227
222 236
222 254
222 298
222 331
222 414
222 628
223 232
223 235
223 236
223 242
223 252
223 254
223 262
227 254
229 256
231 252
231 253
232 421
235 240
236 252
236 262
236 298
237 254
238 506
242 262
252 262
253 254
253 264
254 262
254 264
254 357
254 414
254 421
254 489
254 515
254 579
254 629
255 257
258 379
258 414
260 298
262 414
262 628
265 271
265 273
265 274
265 301
265 331
265 351
265 364
265 374
265 409
265 412
265 414
265 419
265 431
265 463
265 470
265 477
265 507
265 519
265 525
265 536
265 552
265 561
265 565
265 582
265 599
265 606
265 636
265 637
266 274
266 390
266 406
267 412
267 472
267 536
267 560
268 305
268 507
268 638
269 317
270 348
270 418
270 532
270 546
270 628
271 383
271 417
271 473
271 553
271 578
272 303
272 317
272 367
272 596
273 317
273 337
273 457
273 478
273 484
273 530
273 535
273 561
273 564
273 569
273 599
273 621
273 628
274 276
274 277
274 294
274 310
274 313
274 317
274 323
274 343
274 351
274 367
274 368
274 374
274 420
274 426
274 442
274 453
274 461
274 464
274 483
274 488
274 497
274 542
274 552
274 559
274 564
274 571
274 573
274 575
274 581
274 591
274 593
274 605
274 618
274 632
274 642
275 317
276 278
276 309
276 348
276 478
277 317
277 382
277 390
277 406
277 415
277 494
277 581
277 594
277 609
278 307
278 317
278 318
278 347
278 348
278 366
278 405
278 412
278 436
278 552
278 587
278 620
279 374
279 414
279 515
279 629
280 317
281 302
281 546
282 284
282 313
282 317
282 365
282 390
282 392
282 451
283 334
283 590
284 317
284 355
284 390
284 406
284 422
284 472
284 479
284 490
284 492
284 540
284 549
284 575
284 588
284 625
285 390
286 637
287 317
287 390
287 637
288 317
288 396
288 438
288 626
289 317
290 613
292 628
293 334
293 438
294 390
295 390
296 369
296 438
296 478
296 506
296 615
297 364
297 438
297 458
297 461
298 307
298 414
298 421
298 500
298 506
298 530
298 551
298 626
298 628
299 560
299 567
300 397
300 493
300 625
301 414
301 473
301 499
302 307
302 377
302 409
302 421
302 435
302 462
302 512
302 523
302 546
302 551
302 579
302 611
302 628
302 636
303 317
304 317
305 507
306 520
306 628
307 348
307 372
307 382
307 414
307 470
307 473
307 500
307 515
307 548
307 628
308 326
308 356
308 409
308 414
308 438
308 530
308 616
308 638
309 590
310 355
310 438
310 577
311 317
312 382
312 438
313 317
313 382
313 390
313 396
313 453
313 479
313 494
313 575
314 339
314 344
314 382
314 390
314 403
314 506
314 641
315 390
316 317
317 318
317 319
317 325
317 326
317 327
317 329
317 330
317 333
317 336
317 340
317 341
317 343
317 345
317 351
317 356
317 358
317 359
317 360
317 361
317 365
317 367
317 373
317 374
317 378
317 380
317 381
317 382
317 383
317 386
317 387
317 388
317 393
317 394
317 395
317 399
317 402
317 405
317 425
317 426
317 427
317 428
317 430
317 432
317 433
317 434
317 438
317 439
317 441
317 442
317 443
317 445
317 447
317 449
317 450
317 451
317 452
317 453
317 455
317 456
317 459
317 460
317 461
317 464
317 465
317 466
317 467
317 469
317 472
317 475
317 477
317 480
317 482
317 484
317 486
317 487
317 488
317 490
317 491
317 493
317 494
317 495
317 496
317 497
317 501
317 503
317 504
317 506
317 507
317 508
317 510
317 520
317 522
317 527
317 528
317 533
317 536
317 537
317 538
317 539
317 542
317 549
317 550
317 552
317 553
317 555
317 557
317 558
317 560
317 562
317 563
317 564
317 565
317 567
317 569
317 570
317 572
317 573
317 574
317 580
317 581
317 583
317 586
317 592
317 593
317 594
317 596
317 599
317 600
317 601
317 604
317 605
317 606
317 607
317 609
317 610
317 613
317 617
317 618
317 619
317 626
317 630
317 631
317 632
317 638
317 639
317 640
317 642
318 344
318 348
318 358
318 367
318 374
318 409
318 414
318 430
318 462
318 486
318 489
318 631
319 382
319 438
319 615
321 443
322 591
323 334
323 390
323 406
323 409
324 382
325 422
326 385
326 409
326 414
326 438
326 463
326 512
326 628
327 374
327 378
327 382
327 419
327 467
327 475
327 496
327 506
327 530
327 549
327 564
327 626
328 406
329 422
330 409
330 414
330 489
331 414
331 463
331 472
331 637
332 569
334 344
334 361
334 363
334 369
334 384
334 406
334 416
334 418
334 444
334 467
334 468
334 493
334 500
334 512
334 528
334 545
334 570
334 611
334 628
334 636
334 637
335 390
335 406
336 382
336 409
336 577
337 507
337 530
338 390
338 396
338 437
338 529
339 350
339 382
339 390
339 416
339 473
339 602
340 390
340 394
340 444
340 463
342 390
342 406
342 479
342 637
343 390
343 396
343 438
343 478
343 594
344 382
344 390
346 506
348 414
348 478
348 489
348 546
348 636
349 638
350 355
350 366
350 367
350 472
350 560
350 581
351 390
351 472
352 406
352 409
352 438
352 443
352 529
352 571
353 558
354 412
355 367
355 382
355 406
355 479
356 374
356 382
356 383
356 409
356 414
356 436
356 473
356 506
357 375
357 409
357 414
357 421
357 489
357 500
357 546
357 628
357 629
358 511
359 409
359 629
361 418
361 590
362 529
363 390
363 406
363 638
364 418
364 598
365 390
366 438
366 472
366 560
367 390
367 406
368 406
368 456
369 384
369 415
369 435
369 438
369 443
369 473
369 478
369 528
369 551
369 615
370 406
371 557
372 414
372 489
373 450
374 390
374 415
374 438
374 472
374 489
374 494
374 564
375 414
375 421
375 551
375 612
375 628
375 629
375 637
376 569
377 414
377 478
378 409
378 475
378 494
378 507
378 565
378 626
379 489
379 628
379 637
380 478
382 383
382 385
382 403
382 409
382 410
382 436
382 438
382 449
382 466
382 477
382 486
382 496
382 498
382 506
382 513
382 515
382 516
382 530
382 531
382 534
382 564
382 565
382 568
382 569
382 573
382 577
382 594
382 596
382 607
382 610
382 623
382 637
383 390
383 438
383 473
383 499
383 552
383 577
384 611
385 409
385 414
385 512
385 515
385 611
386 390
386 610
388 546
388 628
389 390
390 394
390 399
390 403
390 405
390 407
390 411
390 415
390 423
390 429
390 432
390 434
390 438
390 440
390 441
390 442
390 443
390 448
390 449
390 450
390 461
390 465
390 477
390 478
390 485
390 490
390 493
390 494
390 498
390 501
390 503
390 511
390 527
390 531
390 533
390 539
390 541
390 544
390 547
390 549
390 550
390 558
390 560
390 564
390 566
390 568
390 575
390 582
390 583
390 593
390 605
390 609
390 617
390 618
390 622
390 632
390 633
390 634
390 641
390 642
391 412
391 567
392 641
395 438
395 585
396 564
397 409
397 481
398 414
400 444
401 560
401 637
404 478
404 581
406 420
406 422
406 434
406 467
406 475
406 479
406 485
406 490
406 493
406 513
406 528
406 549
406 555
406 593
406 595
406 642
407 478
408 414
408 422
408 478
408 500
408 548
408 551
408 628
409 414
409 438
409 440
409 444
409 463
409 466
409 468
409 486
409 489
409 491
409 499
409 500
409 507
409 512
409 515
409 525
409 526
409 530
409 546
409 561
409 565
409 577
409 579
409 607
409 628
409 638
411 414
411 478
412 438
412 463
412 472
412 481
412 489
412 525
412 552
412 620
412 637
413 446
413 468
413 638
414 418
414 421
414 438
414 462
414 463
414 468
414 470
414 474
414 478
414 499
414 500
414 512
414 515
414 530
414 546
414 551
414 556
414 611
414 616
414 628
414 629
414 636
415 416
415 472
415 506
416 430
416 472
416 552
416 596
416 604
417 475
417 588
418 444
418 468
418 546
418 611
418 616
418 628
418 636
421 489
421 500
421 506
421 515
421 551
421 612
421 628
421 629
422 467
422 592
422 619
424 444
427 596
430 472
430 489
430 506
430 569
430 637
434 475
434 499
436 438
436 470
436 489
436 496
436 552
436 620
436 637
438 458
438 461
438 463
438 470
438 478
438 491
438 507
438 511
438 546
438 548
438 561
438 565
438 569
438 573
438 577
438 585
438 594
438 614
438 615
438 626
438 628
438 633
438 637
438 638
440 478
440 594
440 636
441 594
443 499
443 544
444 478
444 500
444 512
444 524
444 611
444 616
445 496
450 456
450 479
453 464
453 494
455 475
455 607
456 465
456 513
456 553
456 554
456 560
458 461
459 472
459 571
461 472
461 473
461 620
462 499
462 500
462 546
462 612
462 628
463 472
463 474
463 512
463 522
463 546
463 603
463 620
463 637
463 638
464 581
466 608
466 624
467 475
467 631
469 542
470 637
471 594
472 489
472 494
472 552
472 555
472 560
472 602
472 620
472 637
473 529
473 581
473 610
473 614
473 637
474 629
475 494
475 499
475 506
475 509
475 511
475 549
475 565
475 626
476 578
478 481
478 494
478 500
478 547
478 551
478 589
478 606
478 628
483 536
483 552
486 511
489 500
489 506
489 515
489 530
489 564
489 569
489 579
489 585
489 590
489 628
489 636
489 637
494 495
494 565
494 594
494 599
495 500
495 507
495 626
495 637
498 511
498 594
499 500
499 507
499 524
499 584
499 611
499 627
499 637
500 515
500 530
500 551
500 579
500 598
500 611
500 626
500 628
500 629
504 549
504 613
506 513
506 515
506 558
506 579
506 590
506 604
506 610
506 628
506 637
507 512
507 576
507 626
508 597
508 633
511 544
512 526
512 546
512 611
513 522
513 529
513 558
513 596
513 637
514 548
515 569
515 579
515 628
515 629
515 637
517 591
518 569
521 552
522 548
523 551
528 596
530 548
530 579
530 626
535 543
536 552
536 560
546 579
546 628
551 612
551 628
551 636
551 637
552 560
552 596
552 620
552 637
555 637
558 626
561 599
564 596
564 637
569 598
569 629
570 633
571 591
573 615
576 626
581 587
581 599
584 624
585 637
590 636
594 625
596 604
598 629
604 619
608 624
610 637
611 612
611 628
613 637
614 637
617 637
620 637
626 637
627 637
