Cite-DBLP_edges,12591,49620,44,1,0.11824,121.79828
chameleon_edges,2277,31421,6,54,1.22786,22.70332
crocodile_edges,11631,170918,6,6,0.92274,156.41126
deezer_hr_edges,54573,498202,7,12,7.78688,651.25550
facebook_ego_edges,4039,88234,5,4,0.17233,44.30120
facebook_government_edges,7057,89455,7,1,0.08074,79.50703
facebook_politician_edges,5908,41729,7,16,0.70656,43.26574
facebook_tvshow_edges,3892,17262,11,2,0.04550,21.45656
mahindas_edges,1258,7513,6,1,0.00611,5.98691
netscience_edges,379,914,7,5,0.00482,0.95904
polblogs_edges,643,2280,6,4,0.00838,2.06526
reed98_edges,962,18812,4,306,2.98598,9.75948
squirrel_edges,5201,198493,6,2,0.27908,144.19908
ba_1k_2k_edges,1000,1996,5,1,0.01664,3.44748c-fat200-1_edges,200,1534,8,28,0.03471,1.29868
c-fat200-2_edges,200,3235,5,6,0.02709,1.88355
c-fat200-5_edges,200,8473,3,1,0.00270,3.18158
c-fat500-10_edges,500,46627,4,1,0.01843,20.60546
c-fat500-1_edges,500,4459,12,162,0.69425,4.31969
c-fat500-2_edges,500,9139,9,4,0.02702,6.88989
c-fat500-5_edges,500,23191,5,1,0.01458,12.97870
