1458 1948
1 24
1 595
1 1143
1 1392
1 1405
2 156
2 951
2 1033
3 459
3 997
4 595
5 27
5 778
6 367
7 284
7 444
7 1141
8 807
8 819
8 1128
9 422
9 465
9 688
10 216
11 72
11 154
11 291
11 601
11 626
11 728
11 933
11 1203
11 1216
12 81
12 247
12 469
12 626
12 777
12 1074
12 1180
12 1197
12 1198
12 1199
12 1200
13 98
13 433
13 567
13 738
13 1273
14 329
14 942
15 1105
16 345
17 567
17 844
17 1240
17 1273
17 1368
18 85
18 114
19 192
20 375
20 623
20 1067
20 1195
20 1240
20 1361
20 1362
21 706
22 165
22 202
22 288
22 426
22 810
22 1115
23 585
24 152
24 690
24 913
24 1439
24 1440
25 166
25 263
25 347
25 472
25 620
25 638
25 784
25 789
25 955
25 1029
25 1063
26 36
26 201
27 121
27 155
27 218
27 685
27 696
27 724
27 756
27 898
27 1009
27 1026
27 1132
27 1208
27 1242
27 1331
27 1350
27 1351
27 1352
27 1353
27 1354
27 1355
27 1356
27 1357
27 1358
27 1359
28 44
28 969
29 567
30 633
31 542
31 985
32 380
32 439
32 539
32 674
32 757
32 959
33 81
33 777
33 854
34 147
35 633
36 357
36 627
36 968
37 457
38 806
38 854
39 638
40 147
41 264
41 675
42 147
43 400
43 408
43 464
43 682
43 864
43 1001
43 1263
45 865
45 1250
46 99
47 458
48 326
48 345
48 562
48 783
48 1065
48 1095
49 345
49 997
50 186
51 138
51 1162
52 103
52 233
52 428
53 355
54 704
54 858
55 784
56 573
56 1092
57 110
57 267
58 260
58 885
58 1093
58 1217
58 1218
59 567
59 906
60 136
61 595
61 644
61 760
62 567
63 204
63 775
63 828
63 835
63 967
64 192
64 851
64 909
64 1275
65 136
66 162
66 942
66 1254
67 72
67 163
67 336
67 461
67 1168
67 1432
68 595
69 563
69 1240
70 147
70 158
70 362
70 1403
70 1404
71 282
72 163
72 328
72 363
72 426
72 461
72 565
72 632
72 745
72 769
72 899
72 980
72 1117
72 1145
72 1201
72 1202
72 1203
73 451
74 844
74 1406
75 683
75 755
76 615
77 276
77 756
78 756
79 436
80 220
80 223
80 281
80 301
80 490
81 169
81 202
81 367
81 495
81 626
81 1067
81 1179
81 1180
81 1181
81 1182
82 305
82 585
82 753
82 788
83 148
83 366
83 433
83 522
83 1165
84 270
85 184
85 542
85 819
85 820
85 891
85 985
85 1127
85 1173
86 807
87 756
88 961
89 286
89 715
89 1406
90 384
90 563
90 572
90 708
90 819
90 905
91 781
91 908
92 830
92 965
93 819
94 357
95 711
96 367
96 1231
96 1232
96 1261
97 846
98 112
98 121
98 179
98 186
98 251
98 252
98 266
98 276
98 324
98 513
98 658
98 681
98 731
98 775
98 810
98 913
98 937
98 1021
98 1040
98 1171
98 1179
98 1241
98 1373
98 1374
98 1375
98 1376
98 1377
98 1378
98 1379
99 367
99 850
100 406
101 147
102 956
104 430
105 134
106 628
106 819
106 1451
106 1452
107 969
108 186
109 606
110 267
111 956
112 308
113 131
115 1099
116 131
117 147
118 273
119 458
119 638
120 633
121 1036
122 189
122 252
122 280
122 338
122 425
122 471
122 513
122 536
122 849
122 854
122 1084
122 1273
122 1275
123 213
123 844
124 267
124 367
124 953
124 979
124 1087
125 567
126 155
126 595
126 875
127 332
127 414
128 303
129 215
129 383
129 506
129 532
129 591
129 612
129 1101
130 134
130 294
130 343
130 567
131 154
131 166
131 303
131 386
131 460
131 614
131 678
131 995
131 1030
132 555
133 648
133 961
134 136
134 277
134 290
134 633
134 842
134 853
134 859
134 998
134 1034
134 1036
134 1070
134 1126
135 147
136 209
136 225
136 266
136 274
136 342
136 396
136 474
136 622
136 633
136 693
136 725
136 886
136 919
136 926
136 998
136 1137
137 271
138 294
138 333
138 892
138 1130
139 258
139 743
139 1310
140 345
141 226
141 310
141 361
141 489
141 957
142 819
143 750
144 196
145 837
146 301
146 1227
147 177
147 195
147 242
147 246
147 253
147 282
147 295
147 297
147 299
147 300
147 312
147 376
147 447
147 478
147 480
147 511
147 531
147 535
147 544
147 547
147 557
147 570
147 589
147 597
147 624
147 677
147 741
147 763
147 797
147 840
147 851
147 852
147 897
147 907
147 910
147 918
147 978
147 981
147 992
147 999
147 1007
147 1022
147 1031
147 1049
147 1058
147 1097
147 1109
147 1153
147 1169
148 187
148 530
148 1148
149 379
149 721
150 671
150 1047
151 472
152 604
152 819
153 213
153 1113
154 188
154 257
154 358
154 441
154 751
154 758
154 811
154 899
154 1145
154 1205
156 1033
156 1286
157 712
157 777
157 1170
158 1073
158 1123
158 1417
159 199
160 224
160 232
161 450
161 707
162 391
162 421
162 584
162 901
164 755
165 202
165 448
165 799
166 302
166 459
166 661
166 997
166 1029
167 755
168 281
168 445
169 367
170 1113
171 454
171 1107
172 229
172 304
173 406
174 823
174 1155
175 861
176 247
178 961
179 548
179 750
179 819
179 1017
180 664
180 844
180 920
180 1113
181 711
181 793
182 397
183 201
184 819
185 204
188 970
190 438
190 670
191 361
192 317
192 851
192 909
193 333
194 494
194 615
194 1437
196 1256
197 418
197 429
198 524
199 262
199 443
199 458
200 398
200 1435
201 929
202 247
202 448
202 810
202 1074
203 335
203 529
203 1275
204 350
204 567
204 844
204 1129
205 1015
205 1212
206 1020
207 367
207 1067
208 345
208 1212
210 271
210 541
210 636
210 1275
211 257
212 243
212 415
212 484
212 538
212 588
212 634
213 259
213 355
213 1381
214 294
214 920
214 1398
214 1413
216 476
217 647
218 377
219 819
220 823
220 834
220 856
220 1123
220 1427
221 633
222 259
222 556
222 834
222 844
223 281
223 301
223 344
223 348
223 387
223 405
223 519
223 905
223 1410
223 1421
223 1422
223 1423
224 713
224 861
224 1235
227 595
228 736
228 1363
228 1364
229 339
230 321
230 345
231 779
231 866
231 951
232 517
232 584
232 710
232 1259
233 318
233 603
233 1029
233 1042
234 659
234 1002
234 1015
234 1101
235 582
235 1221
236 603
237 466
238 455
238 652
238 1130
239 711
239 1396
240 915
240 965
240 1394
240 1395
240 1396
240 1397
241 281
241 394
241 638
241 819
241 820
241 870
241 1080
241 1156
242 272
243 415
243 767
243 964
244 691
245 819
247 655
247 1074
247 1429
248 385
249 638
250 344
251 301
251 1026
251 1064
252 513
252 524
252 667
252 777
252 854
252 868
252 979
252 1056
252 1130
252 1193
252 1233
253 465
253 676
253 688
253 791
253 819
253 1015
254 1124
255 660
255 784
255 804
255 1047
256 311
256 572
257 358
257 563
257 656
257 749
257 776
257 808
257 811
257 818
257 821
257 847
257 881
257 1043
259 444
259 1102
259 1149
260 543
260 950
261 819
261 1171
263 341
263 638
264 367
264 1416
265 800
266 1168
267 367
267 488
267 654
267 937
267 942
267 1067
267 1240
267 1348
267 1349
268 458
268 1170
269 451
269 703
270 483
270 1054
270 1081
271 327
271 566
271 575
271 580
271 605
271 934
271 1014
271 1023
271 1048
272 880
273 410
273 1064
275 345
275 1168
276 467
276 643
276 687
278 287
278 319
278 406
279 361
279 889
279 1103
281 301
281 348
281 486
281 519
281 1400
281 1410
283 952
284 898
285 512
285 734
285 823
286 715
287 318
287 406
287 432
287 914
287 966
287 1393
288 448
288 510
288 518
288 1115
289 392
289 1086
292 689
293 711
294 615
296 359
298 516
301 405
301 534
301 905
301 1114
301 1406
301 1408
302 337
302 563
302 638
302 844
302 948
303 854
304 339
305 788
306 313
306 351
306 395
306 692
306 1060
306 1328
307 527
307 642
308 1157
309 1057
313 384
313 1288
313 1294
314 755
315 384
315 397
315 846
315 857
316 550
316 886
318 406
319 760
319 774
319 960
319 998
320 709
320 954
320 1040
320 1132
320 1187
320 1210
320 1385
320 1386
320 1387
321 352
321 703
321 831
321 1212
322 466
322 920
322 1240
323 361
324 333
324 350
324 1130
324 1240
325 952
328 613
328 766
328 1113
330 961
331 530
331 956
332 819
333 419
333 757
333 838
333 904
333 1142
333 1150
334 1012
334 1013
335 653
335 1140
336 361
337 384
337 567
337 603
337 890
337 1212
339 961
340 1168
340 1409
341 620
341 638
341 784
341 787
341 955
341 1029
341 1041
341 1063
343 446
345 520
345 594
345 606
345 783
345 969
345 1065
345 1091
345 1095
346 868
347 638
347 955
348 485
348 490
348 593
348 1399
348 1400
348 1401
349 465
350 430
350 539
351 644
351 765
352 394
352 396
352 474
352 477
352 658
353 567
353 906
354 398
355 572
355 584
355 737
355 742
355 757
355 759
355 844
355 987
355 1070
355 1228
355 1229
356 708
359 468
359 1071
360 567
360 641
360 1079
361 1011
361 1104
362 768
363 1158
364 1009
365 846
366 736
366 744
366 1040
366 1144
367 504
367 546
367 732
367 801
367 879
367 953
367 974
367 1055
367 1067
367 1411
368 963
369 924
369 983
369 1441
370 883
370 983
371 961
372 465
372 605
372 890
372 1418
373 866
374 946
375 488
375 1240
376 1289
378 970
380 439
380 539
380 674
380 757
380 959
381 577
381 878
381 1088
382 567
383 730
384 1244
384 1294
384 1298
385 663
388 801
389 457
389 561
389 938
389 1041
389 1044
389 1210
389 1211
390 1025
391 1025
393 683
393 906
393 1112
394 870
394 1021
395 1081
395 1400
397 462
397 710
397 1433
397 1434
398 597
399 407
399 603
400 1252
401 1192
402 638
402 1092
403 569
403 1072
404 433
405 490
405 905
405 908
406 432
406 619
406 654
406 855
406 917
407 603
408 708
408 908
408 1021
409 1130
411 1113
412 1255
413 1164
414 1101
415 767
415 964
415 1018
415 1164
416 442
417 754
418 429
418 433
418 522
418 1040
418 1371
420 625
420 705
420 729
420 833
420 1073
420 1076
422 464
422 1418
423 638
424 593
426 448
426 829
427 1172
430 585
430 778
430 1273
430 1344
431 458
433 623
433 764
433 819
433 832
433 867
433 873
433 973
433 1024
433 1052
433 1089
433 1144
434 1113
435 844
435 961
436 601
436 603
436 629
436 635
436 894
436 1045
436 1154
437 674
437 970
439 539
439 674
439 959
440 721
442 450
442 554
442 1041
444 895
444 1094
444 1141
445 584
445 601
445 603
445 969
445 979
445 1135
446 571
446 685
446 961
446 1120
448 518
448 810
448 1115
448 1264
449 970
450 485
451 703
451 1139
452 1050
452 1092
453 671
454 468
454 754
454 930
454 1084
456 815
458 639
458 697
458 698
458 701
458 826
459 997
463 970
464 605
464 819
464 905
464 920
464 1418
465 819
465 990
465 1100
465 1164
465 1172
466 993
466 1287
469 1130
470 868
472 638
472 807
473 778
474 1028
474 1086
475 946
476 719
479 1037
481 567
482 721
485 1401
486 516
486 1410
487 1172
488 1057
490 905
491 760
492 497
493 819
494 739
494 819
494 925
495 633
496 961
497 946
498 690
499 736
500 1056
501 1101
502 549
503 780
503 908
503 971
503 1240
504 567
505 574
505 1118
505 1125
507 638
508 638
508 1168
509 844
511 657
512 827
512 1111
512 1164
512 1447
512 1448
513 524
513 777
513 854
513 868
513 979
513 1130
513 1193
513 1233
514 1113
515 811
516 567
517 941
518 1115
518 1402
519 595
519 1421
521 719
521 1100
522 973
522 1039
522 1144
523 811
524 652
524 760
524 979
524 1059
524 1130
524 1196
525 819
526 819
526 1436
527 772
527 1075
528 536
528 1172
529 961
529 1131
530 947
533 819
535 854
535 979
536 1442
536 1443
536 1444
537 661
537 894
537 1042
539 674
539 757
539 959
540 819
542 895
542 985
542 1174
542 1175
543 770
543 950
545 760
548 1445
549 555
549 1134
550 1458
551 595
551 819
552 844
553 1092
555 702
555 1383
558 641
558 1079
559 695
559 1368
559 1415
560 667
560 1067
560 1424
561 938
561 1041
561 1044
563 609
563 662
563 746
563 944
563 1269
563 1270
563 1271
563 1272
564 1074
565 1113
567 735
567 762
567 771
567 825
567 835
567 860
567 863
567 962
567 987
567 1002
567 1085
567 1098
567 1110
567 1137
568 648
568 670
569 793
570 657
570 802
572 689
572 872
572 930
572 1116
574 727
576 974
578 755
579 802
579 803
579 814
579 819
581 760
583 595
584 831
584 1131
584 1147
585 791
585 819
585 1130
586 811
586 1332
587 712
587 1055
590 1130
592 638
593 869
594 936
594 1240
595 615
595 696
595 721
595 742
595 824
595 831
595 928
595 940
595 1032
595 1034
595 1110
596 646
596 944
598 920
599 773
600 815
600 1060
600 1294
601 970
601 1037
602 778
602 1004
603 966
603 970
604 819
607 689
607 811
607 1212
608 887
609 819
609 844
610 1418
611 621
611 991
612 991
613 791
613 1099
615 1101
616 1078
616 1125
617 925
618 723
620 1108
621 988
623 1067
630 866
630 1131
631 1056
633 720
633 742
633 916
633 998
633 1017
633 1027
637 755
638 784
638 787
638 931
638 948
638 955
638 996
638 998
638 1029
638 1046
638 1063
638 1092
638 1151
640 970
641 1079
645 844
646 944
646 1129
647 1230
647 1392
648 670
648 812
648 994
649 755
650 761
650 780
650 1083
651 793
651 1068
652 854
652 1087
652 1130
655 1074
655 1412
657 710
657 816
658 1165
659 888
662 844
662 1310
663 961
664 844
664 920
664 961
664 1113
664 1275
665 886
666 736
667 1195
668 844
669 755
669 970
672 1020
673 778
673 1275
674 757
674 959
675 1449
676 714
679 1230
680 717
680 874
681 937
681 949
681 1275
682 979
683 755
683 809
683 841
683 1110
683 1119
684 719
684 940
685 1122
686 1145
686 1190
686 1191
687 968
688 1015
689 922
689 926
689 961
689 1152
690 920
690 1020
690 1146
691 701
692 1264
694 1118
697 945
699 898
700 956
701 1420
704 1436
706 820
708 823
708 911
708 912
709 1368
711 935
712 951
712 974
712 1130
716 760
717 819
718 831
719 1006
719 1162
719 1261
719 1295
719 1299
719 1300
719 1301
719 1302
719 1303
719 1304
719 1305
719 1306
719 1307
719 1308
719 1309
722 845
723 1275
726 798
726 943
726 1051
727 1240
728 760
731 819
731 1001
732 879
732 1067
733 881
736 786
736 898
740 1130
747 906
748 1052
752 879
753 788
755 841
755 871
755 1110
755 1119
760 822
760 824
760 877
767 964
768 848
768 866
770 950
772 815
773 993
773 1143
773 1222
773 1223
777 974
777 1130
778 839
778 968
779 1166
782 1035
784 1029
785 946
789 1171
790 844
790 1066
791 891
791 1106
791 1266
791 1267
791 1268
792 1025
792 1117
793 1006
794 1099
795 961
796 1042
796 1101
798 943
798 1051
799 810
799 1078
799 1125
799 1332
800 1164
801 974
802 807
802 1315
805 1035
811 865
811 1161
811 1163
813 1170
817 1052
818 972
818 1176
818 1177
818 1178
819 844
819 862
819 900
819 966
819 1013
819 1131
819 1172
821 942
821 1224
824 930
824 1219
824 1220
824 1221
830 965
831 998
836 961
837 890
843 988
844 966
844 983
844 1035
844 1077
844 1115
844 1132
844 1171
844 1266
844 1363
844 1382
844 1446
845 1315
846 1016
846 1426
849 1082
849 1438
851 909
854 914
854 974
854 979
854 1193
854 1245
854 1389
861 997
865 920
867 1002
868 984
870 1021
876 952
879 953
881 1102
882 883
882 983
883 924
883 1275
884 966
886 1008
887 890
889 1103
891 1127
893 956
894 1164
896 993
896 1312
898 1005
898 1040
898 1052
901 926
902 961
903 1099
904 1003
904 1284
906 1092
906 1110
911 956
920 1035
920 1077
920 1124
921 930
921 972
921 1087
922 1104
923 1020
924 983
927 942
930 1116
932 1103
935 1014
937 1025
937 1172
938 1041
938 1044
939 1130
940 958
940 977
940 1101
940 1140
942 971
942 1106
942 1180
942 1310
942 1368
943 1204
943 1331
946 1166
946 1286
946 1392
948 1029
952 1168
953 1055
953 1372
954 1261
956 1101
961 1010
961 1048
961 1121
961 1136
961 1159
962 1155
963 1042
963 1101
963 1113
963 1129
963 1167
965 1396
970 1101
971 979
971 1055
971 1087
972 1289
972 1294
972 1341
972 1380
973 1371
974 1055
974 1170
975 1003
976 1020
979 1056
979 1183
979 1186
980 1002
980 1212
982 1002
983 1441
986 1064
989 1168
1000 1001
1014 1275
1015 1053
1015 1100
1019 1171
1026 1064
1028 1086
1038 1312
1040 1128
1041 1044
1041 1090
1041 1131
1041 1273
1051 1419
1055 1105
1056 1170
1061 1171
1062 1164
1065 1235
1067 1144
1067 1265
1069 1186
1071 1284
1071 1368
1073 1390
1073 1392
1074 1391
1077 1275
1081 1345
1081 1346
1084 1212
1087 1240
1088 1123
1093 1275
1096 1164
1101 1155
1104 1291
1106 1133
1106 1327
1113 1138
1123 1225
1123 1430
1123 1431
1129 1207
1129 1329
1130 1170
1130 1184
1130 1185
1131 1368
1132 1388
1134 1409
1148 1212
1155 1160
1166 1392
1181 1186
1186 1187
1186 1188
1186 1189
1187 1275
1189 1332
1192 1193
1192 1194
1195 1240
1200 1344
1202 1211
1202 1212
1206 1207
1206 1208
1206 1209
1206 1210
1207 1330
1212 1213
1212 1214
1212 1215
1215 1384
1216 1234
1221 1273
1224 1256
1226 1275
1235 1236
1235 1237
1235 1238
1235 1239
1240 1241
1240 1242
1240 1243
1240 1244
1240 1245
1240 1246
1240 1247
1240 1248
1240 1249
1242 1294
1243 1284
1244 1251
1251 1252
1251 1253
1255 1312
1256 1257
1256 1258
1259 1260
1261 1262
1266 1275
1269 1428
1273 1274
1275 1276
1275 1277
1275 1278
1275 1279
1275 1280
1275 1281
1275 1282
1275 1283
1284 1285
1286 1425
1289 1290
1289 1292
1289 1293
1294 1295
1294 1296
1294 1297
1296 1341
1311 1312
1312 1313
1312 1314
1315 1316
1315 1317
1315 1318
1315 1319
1315 1320
1315 1321
1315 1322
1315 1323
1315 1324
1315 1325
1315 1326
1329 1365
1329 1366
1329 1367
1332 1333
1332 1334
1332 1335
1332 1336
1332 1337
1332 1338
1332 1339
1332 1340
1341 1342
1343 1344
1344 1347
1344 1360
1346 1347
1355 1388
1368 1369
1368 1370
1368 1371
1371 1424
1371 1454
1379 1457
1394 1396
1395 1396
1396 1414
1402 1405
1403 1417
1406 1407
1410 1423
1432 1450
1447 1453
1453 1455
1453 1456
