841 1902
0 1
0 3
0 4
0 359
0 361
0 561
1 2
1 3
1 4
1 5
1 6
1 7
1 8
2 3
2 5
2 6
3 359
3 362
4 561
4 563
4 578
4 745
5 6
5 190
5 221
6 7
6 8
6 221
6 225
7 8
7 225
7 578
8 578
8 745
8 746
9 10
9 11
9 12
9 13
10 11
10 187
10 315
10 767
11 13
11 767
12 13
12 188
13 612
13 613
13 821
14 15
14 16
14 17
14 18
14 19
14 20
15 17
15 18
15 169
15 170
16 17
16 18
16 19
16 20
16 813
16 814
17 18
17 20
17 169
17 170
18 20
18 169
18 170
19 20
19 346
19 814
20 813
20 814
21 22
21 23
21 24
22 183
23 357
23 371
23 372
23 397
24 317
24 326
24 397
24 469
25 26
25 734
25 752
26 27
26 28
26 29
27 28
27 29
27 435
27 569
28 569
28 621
28 734
29 435
29 579
30 31
30 32
30 34
30 522
31 32
31 33
31 34
31 35
31 36
32 34
32 35
32 522
33 35
33 36
33 67
33 526
34 36
34 522
35 36
35 67
35 526
36 67
37 38
37 39
37 40
37 41
37 42
37 43
38 40
38 42
38 196
38 198
38 690
39 40
39 41
39 43
39 475
40 42
40 43
41 43
41 475
41 508
41 577
42 196
42 198
43 508
43 577
43 713
44 45
44 46
45 120
46 266
46 267
46 268
46 269
47 48
47 49
47 744
47 831
48 49
48 50
48 51
49 831
50 51
50 559
50 560
51 484
52 53
52 142
52 462
53 54
53 55
54 55
54 84
54 826
54 827
55 84
55 138
55 826
55 827
56 57
56 58
56 59
56 60
56 61
57 58
57 59
57 394
58 59
58 394
59 60
59 105
59 107
59 823
60 107
60 257
60 823
60 836
61 582
61 583
61 823
61 836
62 63
62 64
62 405
62 406
62 408
62 409
63 64
63 65
63 66
64 65
64 66
64 406
64 409
65 66
65 610
65 611
66 409
66 611
67 526
68 69
68 70
68 71
68 72
69 70
69 464
69 466
69 467
70 71
70 72
70 466
70 467
70 489
70 490
71 72
71 75
71 290
71 489
72 73
72 75
73 74
73 75
73 76
74 75
74 209
74 290
75 76
75 290
76 302
76 384
77 78
77 531
77 679
77 773
78 79
79 164
79 165
79 166
79 167
79 168
80 81
80 82
80 83
81 82
81 665
81 666
81 689
81 723
81 724
82 723
82 724
83 328
84 85
84 86
84 826
84 827
85 86
85 87
85 88
86 423
86 826
86 827
87 423
87 425
87 548
88 323
88 324
88 477
88 478
88 479
88 480
89 90
89 91
89 93
89 146
90 91
90 92
90 93
90 94
91 92
91 93
91 95
91 483
92 108
92 483
93 94
93 95
93 96
93 669
93 671
94 108
94 669
95 96
95 148
95 363
95 365
96 97
97 363
97 364
97 365
97 367
98 99
98 100
98 101
98 102
98 103
99 100
99 400
99 402
99 599
99 600
100 102
100 402
100 600
100 641
101 103
101 374
102 103
102 600
103 242
103 373
103 374
103 376
104 105
104 106
104 107
105 509
106 243
106 245
106 248
106 541
106 542
107 257
107 541
108 109
108 110
109 110
109 111
109 112
109 113
110 500
110 501
110 793
111 651
111 652
111 669
111 671
111 785
112 113
112 558
112 651
113 500
114 115
114 118
114 119
114 399
114 805
115 116
115 117
115 118
115 119
116 119
116 443
117 118
117 119
117 443
117 659
118 399
118 650
118 805
119 443
120 121
122 123
122 124
122 125
122 126
122 127
122 128
122 129
123 180
123 378
123 622
123 623
124 125
124 126
124 127
124 129
124 181
125 127
125 128
125 129
125 130
126 127
126 181
126 182
126 644
127 182
127 644
128 129
128 130
129 130
130 416
130 417
130 418
130 482
131 132
131 133
131 134
131 135
132 672
133 134
133 135
133 521
133 655
134 135
134 193
134 194
135 655
136 137
136 138
136 139
136 140
136 213
136 214
137 138
137 139
137 140
137 141
138 139
138 140
138 213
138 214
139 213
139 214
139 215
139 300
139 570
140 141
140 645
141 645
141 646
142 143
142 462
143 144
143 145
143 146
143 147
143 148
143 149
144 145
144 146
144 148
144 149
145 146
145 725
145 726
146 148
146 149
146 726
147 148
147 149
147 322
147 323
147 324
148 149
148 322
149 322
149 324
150 151
150 152
150 153
150 154
150 155
151 152
151 781
152 497
152 520
153 154
153 155
153 403
153 689
154 155
154 403
154 404
155 404
156 157
156 158
156 159
156 469
156 470
157 158
157 159
157 160
157 161
157 162
157 163
158 160
158 469
158 550
158 783
159 162
159 163
159 313
159 470
160 161
160 771
161 189
161 191
161 771
162 201
162 470
162 521
162 549
163 311
163 313
164 165
164 555
165 167
165 555
166 759
166 773
167 168
167 731
168 538
168 539
168 700
168 731
168 732
169 170
169 226
169 227
170 226
170 227
171 172
171 173
171 174
171 175
171 176
171 177
172 173
172 174
172 175
172 176
172 532
173 175
173 176
173 748
174 532
174 534
174 535
175 176
175 399
175 677
175 748
176 177
177 471
177 769
178 179
178 526
178 798
178 799
179 180
179 181
179 182
180 378
180 622
180 623
180 663
181 182
181 622
182 644
183 184
183 185
183 186
184 185
184 186
184 187
184 188
185 635
185 636
185 709
186 187
186 444
186 445
186 446
187 188
187 767
189 190
189 191
189 192
190 192
193 194
193 195
194 195
196 197
196 198
197 198
197 502
197 504
197 690
198 504
198 690
199 200
199 201
199 202
200 312
200 313
200 788
201 202
201 313
201 549
202 549
202 774
203 204
203 205
203 459
204 205
204 206
204 207
204 208
205 208
205 403
205 459
205 665
205 666
205 689
206 207
206 208
206 460
206 487
207 208
207 460
207 487
208 459
208 460
209 210
209 211
209 212
209 290
210 211
210 212
210 213
210 214
210 215
211 212
211 214
211 215
212 214
212 215
213 214
213 215
214 215
215 299
215 300
216 217
216 218
216 219
216 220
217 219
218 219
218 220
218 429
218 747
219 220
219 747
220 429
220 550
221 222
221 223
221 225
222 223
222 224
222 431
222 590
223 224
223 225
223 334
223 431
224 430
224 431
224 590
226 227
226 753
227 753
227 754
228 229
228 230
228 231
228 519
228 656
228 812
229 230
229 231
229 232
229 233
229 234
230 231
230 232
230 656
230 812
231 234
232 233
232 234
232 499
233 234
233 369
233 499
234 369
234 499
235 236
235 237
235 239
235 240
235 241
236 296
236 297
236 298
237 238
237 239
237 296
237 433
238 239
238 433
238 435
238 580
239 283
240 241
241 298
242 243
242 244
242 245
242 246
242 247
242 248
243 244
243 245
243 641
243 642
243 757
244 245
244 246
244 248
244 641
244 776
245 248
245 542
245 641
245 714
245 776
245 778
246 247
246 248
246 523
246 542
246 545
247 248
247 523
247 524
248 523
248 524
248 542
248 545
249 250
249 251
249 252
249 265
250 251
250 252
250 253
250 254
250 255
251 252
251 264
251 265
252 264
252 265
252 476
253 254
253 255
253 414
254 255
254 413
254 414
255 413
255 414
255 415
256 257
256 258
256 259
258 259
258 786
260 261
260 263
260 463
260 657
261 262
261 263
262 263
262 603
262 657
262 661
262 662
263 657
263 662
264 265
264 476
264 817
265 710
266 267
266 269
266 270
266 271
267 268
267 269
267 457
267 458
268 457
268 458
269 270
269 271
270 271
272 273
272 677
272 678
272 784
273 274
273 275
273 276
273 277
274 275
274 599
274 784
274 789
275 599
275 789
276 277
276 599
276 686
276 822
277 522
277 599
277 686
277 822
278 279
278 280
278 281
278 338
278 565
279 280
279 281
279 282
280 282
281 338
281 494
281 496
282 320
282 321
283 828
283 829
284 285
284 485
284 585
284 815
285 286
285 287
285 288
285 289
286 287
286 288
286 289
286 527
286 815
287 288
287 289
287 527
287 529
288 527
288 529
289 585
289 815
290 722
291 292
291 293
291 294
291 295
292 293
292 294
293 294
294 295
294 624
295 582
295 583
295 624
295 625
295 626
296 297
296 433
296 434
297 566
298 492
298 493
299 300
299 301
299 302
299 303
300 301
300 303
300 570
301 303
301 570
301 571
303 570
303 571
303 659
304 305
304 306
304 307
304 308
304 309
305 502
305 503
305 505
305 775
306 649
307 308
307 309
307 680
308 309
308 680
308 682
309 680
309 682
310 311
310 591
311 312
311 313
312 313
312 787
312 788
314 315
314 316
314 317
315 316
317 325
317 326
318 319
319 581
320 321
320 628
321 565
321 627
321 628
322 323
322 324
322 477
323 324
323 477
324 477
325 405
325 407
325 767
326 521
327 328
327 329
327 330
327 331
328 329
328 330
328 331
329 514
329 515
329 516
330 331
332 333
332 346
332 349
332 350
332 584
333 334
333 335
334 335
334 428
334 431
336 337
336 338
336 339
337 338
339 494
339 496
340 341
340 342
340 343
340 344
340 694
340 696
341 342
341 343
341 344
341 345
341 346
342 343
342 344
342 694
342 696
343 344
343 345
343 428
343 694
344 345
344 346
344 428
345 346
346 813
346 814
347 348
347 349
347 350
347 351
348 584
349 350
349 351
349 528
349 584
350 351
350 528
351 527
351 528
351 529
352 353
352 355
352 370
352 371
352 372
353 354
353 355
353 356
353 357
353 358
354 356
354 573
354 638
354 639
354 808
354 830
355 357
355 370
355 371
355 372
356 358
356 638
356 830
357 371
357 372
357 397
358 672
359 360
359 361
359 362
360 362
360 632
360 634
361 561
361 634
361 651
361 652
362 786
363 364
363 365
363 366
363 367
364 365
364 366
364 367
364 368
366 368
366 424
366 426
366 727
366 728
367 368
367 426
368 426
368 728
369 370
369 499
370 371
370 372
371 372
371 397
372 397
373 374
373 375
373 376
373 377
373 378
373 379
374 375
374 376
374 377
375 377
375 378
377 379
377 663
377 706
378 623
378 663
378 664
380 381
380 382
380 383
381 743
382 383
382 393
382 394
382 395
382 396
384 385
384 386
384 387
384 388
385 386
385 387
385 461
385 462
386 387
386 388
387 388
387 737
388 736
388 737
388 738
389 390
389 391
389 392
390 391
390 701
391 392
391 701
392 691
392 692
392 693
393 395
393 396
393 834
394 395
394 547
395 396
395 811
395 834
396 811
396 834
398 399
398 400
398 401
398 402
399 650
399 805
400 401
400 402
400 650
401 402
401 650
402 600
403 404
404 762
404 763
404 820
405 406
405 407
405 408
405 767
406 407
406 408
406 409
407 408
407 767
408 409
410 411
410 415
411 412
412 571
412 658
412 659
413 414
413 415
414 415
416 417
416 418
417 418
417 421
417 422
417 482
417 703
419 420
419 421
419 422
420 421
420 422
420 481
420 482
421 422
421 481
421 482
421 525
422 703
423 424
423 548
424 425
424 426
424 427
425 427
425 548
425 574
426 727
426 728
427 548
427 727
428 429
428 430
428 431
429 430
429 550
430 431
430 550
432 433
432 434
432 567
432 568
432 569
432 621
433 434
433 435
434 567
435 579
436 437
436 438
436 439
436 440
437 438
437 439
437 440
437 441
437 442
438 439
438 440
438 792
439 440
439 441
439 442
439 518
440 441
441 442
441 517
441 518
442 517
442 518
442 519
443 536
443 537
443 540
444 445
444 446
444 447
444 448
445 446
445 447
445 448
445 449
446 447
446 448
447 448
447 449
447 551
448 449
448 551
448 552
449 551
449 552
449 591
450 451
450 452
450 453
450 667
450 668
450 702
451 452
451 453
451 454
451 455
451 456
452 455
452 597
452 702
453 454
453 530
454 456
454 580
455 456
455 697
455 698
455 699
456 675
456 698
457 458
457 750
458 489
458 490
458 491
459 665
459 666
460 486
460 487
460 488
461 462
464 465
464 466
464 467
464 468
465 468
465 667
465 835
467 468
467 572
468 572
468 667
468 668
469 747
469 783
470 521
471 472
471 474
471 769
471 790
471 816
471 832
471 833
472 473
472 474
473 474
473 654
473 688
474 687
474 688
474 798
474 816
475 508
475 575
475 577
476 710
476 817
476 818
477 478
478 479
478 480
479 480
479 573
479 574
480 574
481 482
481 523
481 524
481 525
482 523
482 525
483 725
483 726
484 485
485 586
486 487
486 488
487 488
488 761
488 762
488 764
489 490
489 498
489 722
490 491
490 572
491 704
492 493
492 511
494 495
494 496
494 497
495 496
495 497
495 498
496 565
497 781
498 721
500 501
501 507
501 793
501 794
502 503
502 504
502 505
503 775
504 505
504 690
504 775
505 690
505 775
506 507
506 508
506 509
506 510
507 508
507 575
507 793
507 839
508 575
508 576
508 577
509 510
511 512
512 840
513 514
513 515
513 516
513 615
513 616
513 618
514 515
514 516
515 516
515 615
517 518
517 519
517 656
518 519
518 656
519 656
520 779
520 782
520 818
521 655
522 686
523 524
523 525
523 544
523 545
524 525
526 810
527 528
527 529
528 529
530 572
530 668
530 704
530 717
531 532
531 533
531 679
532 533
532 534
532 535
533 534
533 535
533 679
534 535
534 537
535 679
536 537
536 538
536 539
536 540
537 538
537 539
537 700
538 539
538 540
538 700
538 731
539 700
539 731
541 542
541 543
542 543
542 544
542 545
543 544
543 545
543 546
544 545
544 546
545 546
547 687
547 688
549 760
550 747
551 552
552 553
552 554
553 554
554 591
555 718
556 557
556 558
556 559
556 744
557 558
557 559
557 560
558 562
558 651
559 560
559 744
560 564
561 562
561 563
561 564
562 563
562 564
562 651
563 564
563 815
566 596
566 730
566 772
567 568
567 569
568 569
568 619
568 620
569 619
569 621
570 571
570 658
570 659
571 658
571 659
572 668
572 704
573 574
573 637
573 638
573 639
575 576
575 577
576 577
576 671
576 793
576 794
578 745
578 746
579 580
580 660
581 809
582 583
583 626
583 823
583 836
585 586
587 588
587 589
588 765
589 637
590 771
590 837
592 593
592 594
592 595
592 596
592 597
592 598
593 595
593 640
593 766
594 596
594 640
594 670
595 597
595 702
595 766
596 598
596 670
596 729
596 730
597 598
597 755
598 729
598 755
599 822
601 602
601 604
601 605
601 606
601 607
601 608
601 609
602 606
602 693
602 711
603 604
603 605
603 607
603 661
603 662
604 605
604 607
604 608
604 609
605 607
606 608
606 609
606 711
607 609
608 609
608 711
609 711
610 611
612 613
612 614
613 685
613 819
613 821
614 787
614 788
614 819
615 616
615 618
615 804
616 617
616 618
617 618
617 801
617 803
617 804
618 803
618 804
619 620
619 621
620 629
620 733
621 629
622 623
623 663
623 664
623 720
624 625
625 626
627 628
627 629
627 630
628 629
628 733
629 733
629 734
630 734
630 750
630 751
630 752
631 632
631 712
631 713
632 633
632 634
633 634
633 652
633 785
634 652
635 636
636 649
637 638
638 639
638 830
639 749
639 808
641 642
642 757
642 776
642 816
642 832
643 644
645 646
646 647
646 648
647 648
647 707
647 709
648 707
648 708
648 709
648 768
648 797
650 805
651 652
652 785
653 654
656 812
657 661
657 662
658 659
660 675
660 719
661 662
663 664
663 705
663 706
663 720
665 666
665 689
666 689
666 723
667 668
667 702
669 671
670 730
670 772
671 785
673 674
673 675
673 676
674 676
674 828
675 676
676 828
677 678
677 748
679 773
680 681
680 682
680 684
681 682
681 683
681 684
681 685
682 684
683 685
685 821
686 822
687 688
687 756
687 770
687 790
688 756
689 723
689 724
691 692
691 693
694 695
694 696
695 696
695 749
695 808
696 749
696 808
697 698
697 699
697 755
698 699
699 824
700 731
701 791
704 717
705 706
705 715
705 716
707 708
707 709
708 739
708 768
708 796
708 797
709 768
710 817
710 818
712 713
712 714
714 778
715 716
716 720
717 718
717 719
718 719
719 725
721 722
725 726
727 728
729 730
730 772
730 838
731 732
732 758
735 736
735 737
735 738
735 739
735 740
736 737
736 738
736 740
737 738
737 740
739 796
739 797
740 796
741 742
741 743
745 746
747 783
750 751
750 752
751 795
753 754
753 831
756 769
756 770
756 790
757 790
757 816
757 832
757 833
758 759
759 773
760 774
760 806
761 762
761 763
761 764
762 763
762 764
762 820
763 764
763 820
766 835
768 796
768 797
769 770
771 837
774 806
774 807
775 777
776 777
776 778
777 778
779 780
779 781
779 782
780 782
781 782
782 817
782 818
784 789
787 819
790 816
790 832
790 833
791 792
793 794
796 797
798 799
800 801
800 802
800 803
800 809
801 802
801 803
801 804
803 804
806 807
808 830
810 811
811 834
813 814
816 832
816 833
817 818
823 836
824 825
826 827
828 829
832 833
838 840
