903 1226
0 3
0 5
1 3
1 219
2 4
2 621
2 656
3 217
3 221
4 178
4 654
4 666
5 221
5 851
6 8
6 10
6 485
7 252
7 616
7 822
8 10
8 254
8 483
8 488
9 11
9 450
10 11
10 483
10 615
11 450
11 466
12 14
12 16
13 109
13 205
14 15
14 67
16 68
16 867
17 309
17 396
18 19
18 396
19 83
19 86
19 824
20 84
20 585
21 22
21 25
21 84
22 23
22 25
22 27
22 359
23 26
23 585
24 166
24 589
24 593
25 26
25 84
25 585
26 359
27 358
28 357
28 359
29 31
29 33
30 32
30 825
31 472
31 819
32 347
32 863
33 887
34 347
35 37
36 37
37 269
38 523
39 40
39 353
39 560
40 41
40 43
40 45
41 44
41 559
42 43
42 45
42 378
43 44
43 353
44 374
44 379
46 47
46 876
47 49
48 49
48 817
49 399
49 817
50 724
51 53
51 55
52 53
52 513
52 638
53 54
53 638
54 55
54 517
55 426
56 426
56 516
57 58
57 60
58 94
59 93
59 95
59 649
60 94
61 63
61 65
62 63
62 65
62 175
63 674
63 828
64 674
65 66
65 176
66 176
67 68
67 856
68 792
68 810
69 70
69 72
69 74
70 72
70 79
70 751
71 144
72 74
72 79
72 751
73 75
73 145
73 147
74 252
75 147
76 77
76 80
76 777
77 79
77 81
78 80
78 199
78 635
79 81
80 82
80 751
80 799
81 638
82 634
82 636
83 84
83 86
84 586
85 309
85 824
86 823
87 88
87 91
87 481
88 89
88 91
88 184
89 90
89 92
89 480
90 92
90 185
90 642
91 92
91 481
92 184
92 186
93 95
93 138
94 138
95 138
96 138
96 140
97 99
97 412
98 99
98 101
99 412
99 612
100 101
100 412
101 360
101 411
101 704
102 104
102 106
102 108
103 104
103 737
104 105
104 737
104 757
105 106
105 757
106 202
106 205
106 779
107 203
107 206
108 109
108 164
108 282
109 163
109 165
110 112
110 755
111 112
111 114
111 264
112 113
112 424
112 755
113 262
113 424
113 562
114 262
115 116
115 118
116 118
116 287
117 151
118 284
118 289
119 121
119 505
119 658
120 121
121 238
121 240
122 142
123 124
123 126
123 143
124 142
124 504
126 505
127 129
127 132
127 313
128 129
128 132
128 134
128 136
129 130
129 135
129 330
129 627
130 132
130 330
130 795
131 133
131 795
131 798
132 135
133 330
133 653
133 798
134 137
135 136
135 236
136 236
136 542
137 540
138 381
139 380
139 461
140 380
141 142
141 365
141 531
142 143
143 531
144 145
145 146
145 597
146 147
146 427
147 427
148 149
148 151
148 290
148 294
149 151
150 152
150 291
150 294
153 154
153 156
153 455
153 806
154 156
154 455
155 452
156 157
156 454
156 456
157 455
158 159
158 161
158 437
159 161
159 369
160 162
160 369
161 172
162 369
162 375
162 872
163 282
163 320
164 205
165 282
166 168
166 593
167 168
167 170
168 170
169 593
170 518
171 173
172 173
173 437
173 503
174 425
174 755
174 847
175 176
176 177
178 179
178 181
178 183
179 656
180 182
180 462
180 695
181 183
181 439
182 438
182 463
183 439
183 666
184 185
184 813
185 812
186 481
187 190
187 192
187 569
187 571
188 190
188 192
189 191
189 208
189 608
190 283
190 570
190 697
191 208
191 606
192 208
192 210
192 283
193 195
194 195
194 429
194 894
195 429
195 800
195 821
197 198
197 201
197 635
198 199
198 201
199 200
200 201
201 513
202 204
202 605
202 750
203 205
203 207
204 267
204 705
204 741
204 743
206 705
207 705
208 607
209 210
209 383
209 385
209 546
210 387
210 547
210 780
211 546
212 213
212 215
212 449
213 215
213 234
213 449
214 215
214 316
214 888
216 295
216 888
217 219
217 221
217 365
218 221
218 229
219 221
220 222
220 229
223 224
224 225
225 707
226 227
226 229
226 231
226 233
226 235
227 229
227 231
228 231
228 234
228 533
230 232
231 232
231 235
232 235
233 403
234 235
236 540
236 543
237 239
238 239
238 241
239 622
240 241
240 896
242 243
242 412
243 431
243 889
244 431
244 855
245 247
245 249
246 248
246 251
246 254
247 249
247 366
247 873
248 366
248 890
249 367
250 251
250 253
251 875
252 253
252 822
253 422
253 485
253 488
254 485
255 682
256 257
256 709
257 409
257 730
258 709
258 846
259 261
259 263
260 261
260 598
261 262
261 264
262 264
263 477
265 266
265 268
265 741
266 268
266 270
266 272
267 741
268 269
268 354
268 741
270 271
270 864
271 864
272 864
272 866
273 529
274 679
275 681
276 280
276 872
277 279
277 281
278 279
278 281
278 879
279 281
280 375
281 842
281 879
282 320
283 384
283 694
284 285
284 287
284 289
285 288
285 333
285 381
285 601
286 288
286 333
287 289
288 332
290 291
290 293
291 292
291 294
292 293
292 393
293 393
293 395
295 297
295 721
296 297
296 299
296 301
297 300
298 299
298 301
298 747
299 301
299 747
301 744
301 747
302 304
302 306
302 308
303 304
303 306
304 305
304 663
305 307
305 663
305 678
307 676
308 676
308 678
310 398
311 313
311 759
312 314
314 758
315 316
315 534
316 449
317 535
317 651
318 320
319 320
319 617
320 617
322 896
323 325
323 327
323 329
323 331
324 499
324 750
324 898
325 327
326 329
326 758
327 329
327 458
327 731
328 330
328 372
328 508
329 331
329 627
329 830
330 627
331 627
332 334
333 334
334 601
334 773
335 336
335 338
335 340
335 489
336 339
336 753
336 815
337 587
337 754
338 587
339 340
339 495
339 816
341 890
342 344
343 344
343 519
343 521
344 519
344 607
344 609
345 609
346 348
346 350
347 348
347 771
348 367
349 350
349 680
350 351
351 367
351 849
352 354
352 356
352 425
353 560
354 356
354 425
355 424
355 629
357 528
357 722
360 361
360 411
360 704
361 363
361 610
362 363
362 411
363 371
363 682
364 610
364 682
365 789
365 878
366 771
367 496
368 698
368 700
368 748
368 849
370 371
370 373
372 507
373 507
373 711
374 375
374 377
374 379
375 377
375 461
376 378
376 461
377 378
377 461
379 705
380 601
381 773
382 384
382 386
382 532
382 694
383 385
383 387
384 387
384 694
385 532
387 546
388 389
389 390
390 842
391 392
392 393
392 395
393 395
396 397
397 398
399 401
400 402
400 725
401 435
402 671
403 533
405 833
405 835
406 408
406 841
407 409
408 611
409 639
409 841
410 641
410 841
414 415
414 417
415 417
415 735
415 802
416 417
417 418
417 558
418 510
418 801
419 420
419 665
420 422
421 665
422 482
422 486
423 486
423 699
424 560
424 755
425 755
426 516
428 429
428 431
429 820
430 431
430 457
431 432
431 458
433 434
433 436
436 653
437 499
437 501
437 503
438 440
438 784
439 784
440 783
442 443
442 445
442 447
443 444
443 534
443 537
444 447
444 536
445 446
445 537
446 448
447 448
447 768
450 451
450 538
450 625
452 453
452 455
453 454
453 895
454 455
454 895
456 895
457 459
458 731
458 733
459 460
459 628
460 839
462 463
462 695
463 616
464 465
464 467
465 466
466 615
467 794
468 880
469 474
469 854
469 892
470 473
471 472
472 818
473 474
473 555
474 554
474 854
475 477
475 479
476 478
476 652
477 479
478 523
478 652
480 639
480 641
480 643
481 611
482 483
482 485
482 487
482 538
483 488
484 488
484 596
484 868
486 698
487 488
487 699
488 538
489 490
490 491
491 496
491 498
492 494
494 859
495 496
495 588
497 498
499 502
499 539
499 898
500 502
501 502
502 503
503 539
504 505
505 623
506 507
506 509
508 509
508 772
509 612
510 511
510 801
512 723
514 844
515 517
518 871
519 607
520 521
520 793
522 524
522 526
522 528
522 594
523 525
523 594
524 526
524 594
525 526
525 683
526 529
527 529
528 683
530 531
530 870
530 896
532 783
534 535
534 537
535 537
536 537
538 625
539 740
539 743
540 541
540 543
540 579
541 542
541 544
542 543
543 544
544 545
544 720
545 719
545 829
547 548
548 780
549 551
549 748
549 776
550 551
550 553
550 776
551 552
551 776
552 776
553 776
554 556
555 887
556 748
557 558
557 734
557 736
557 738
558 734
558 800
559 564
560 563
561 562
562 563
562 565
562 567
563 564
563 566
564 565
566 567
566 807
567 600
568 807
569 694
570 571
570 689
570 814
571 685
571 688
572 573
572 575
573 574
573 768
573 770
574 575
574 667
575 576
575 668
575 784
576 668
577 579
577 581
577 613
578 581
578 631
578 811
579 811
580 613
580 785
581 633
582 662
582 775
583 585
584 585
584 587
585 586
587 840
588 591
588 815
589 590
589 592
590 591
590 593
591 593
592 815
593 826
595 596
596 702
597 715
598 600
600 807
602 604
603 710
604 728
605 757
606 607
607 608
610 611
612 613
614 615
617 618
618 791
619 620
619 622
620 621
620 623
620 655
620 778
621 622
621 886
622 658
622 886
623 778
624 626
625 626
627 830
628 788
628 839
630 631
630 714
630 772
631 633
632 752
633 672
633 781
634 636
634 684
635 636
635 638
636 638
637 684
639 641
639 706
640 642
640 644
641 642
642 643
642 645
643 645
644 645
644 677
645 677
646 648
646 650
647 649
648 650
648 787
650 786
651 833
653 889
654 656
654 695
655 886
658 777
658 799
659 661
659 663
660 662
661 664
663 664
666 667
666 669
667 668
667 670
669 670
670 851
671 672
671 725
673 725
674 719
674 828
675 829
676 678
679 680
680 681
683 722
684 686
685 814
686 689
687 688
687 690
687 692
688 691
689 690
689 814
690 692
690 766
691 767
692 767
693 697
693 745
693 805
694 745
695 696
696 778
696 822
698 700
699 700
700 701
701 748
702 703
703 832
706 708
706 717
707 708
707 717
708 717
709 717
710 711
710 713
711 727
712 713
712 752
714 772
718 720
719 828
720 828
721 888
724 725
725 726
727 772
730 841
731 733
732 733
732 779
733 831
734 736
734 827
735 738
735 803
736 773
738 773
739 802
739 804
740 742
741 742
744 746
745 746
745 886
748 749
749 849
751 799
754 815
755 847
756 848
758 759
758 898
760 788
761 762
761 764
763 764
764 813
766 767
768 770
771 859
771 873
773 827
775 785
777 799
780 793
780 880
782 783
783 784
784 805
786 788
786 877
789 870
790 792
791 808
792 808
792 810
794 880
795 797
796 797
796 838
796 877
798 838
800 801
800 821
802 804
806 866
808 809
808 856
810 856
815 816
819 887
823 824
825 863
831 855
833 834
833 836
834 835
834 837
836 837
838 839
839 877
842 879
844 900
847 848
850 852
852 869
854 891
856 861
857 858
857 860
858 859
858 873
859 861
859 863
860 893
861 863
864 866
865 866
866 885
873 874
875 893
881 882
882 883
889 894
895 901
901 902
