769 1046
0 748
1 2
1 4
2 4
2 446
3 4
3 447
5 6
5 8
5 51
5 247
5 634
6 8
6 10
6 12
6 244
6 246
6 248
7 10
7 245
7 382
8 54
8 634
9 11
9 138
9 335
9 367
10 138
10 248
10 567
11 13
11 140
11 586
12 364
12 366
13 137
13 586
14 15
14 18
14 661
15 17
15 19
15 21
15 408
16 19
16 661
17 308
17 311
17 345
17 515
18 21
18 311
19 21
19 133
19 135
19 369
20 135
20 234
20 369
20 422
21 135
21 369
21 422
22 24
22 568
23 25
24 26
24 604
25 732
26 604
26 606
27 376
27 401
28 29
28 31
29 30
29 499
30 31
30 772
31 88
33 34
33 36
33 38
34 36
34 38
34 266
34 419
34 553
35 37
35 334
36 38
36 267
36 536
37 38
38 350
39 41
39 196
39 199
40 42
40 250
41 123
41 249
41 252
42 196
42 249
43 45
43 47
43 49
44 47
45 48
45 154
46 49
46 540
47 539
48 49
50 51
50 53
50 228
50 482
51 52
51 54
51 56
52 55
53 56
54 209
54 648
55 275
55 515
56 298
57 61
57 341
58 60
59 60
60 331
60 352
61 341
62 64
62 67
62 305
62 438
63 65
63 67
63 438
63 662
64 66
64 305
64 438
65 67
66 68
66 554
67 68
67 187
67 306
68 438
68 655
68 742
69 71
69 73
69 312
69 513
70 124
70 348
70 478
71 72
71 312
71 513
72 74
72 678
73 242
73 453
73 479
74 313
74 512
75 76
75 78
75 81
75 393
76 393
76 687
77 78
77 80
77 82
77 495
78 79
78 197
78 687
79 82
80 138
80 159
80 334
81 525
82 519
83 84
83 708
84 86
85 86
85 285
85 327
86 326
89 500
90 91
90 93
90 95
90 97
91 94
92 93
92 96
94 96
95 96
95 502
96 97
97 338
97 503
98 100
98 102
98 104
99 101
99 626
100 624
101 624
101 626
102 115
102 120
102 475
103 116
103 120
104 570
105 106
105 108
105 110
106 108
106 694
107 109
107 426
107 694
108 110
108 722
109 426
110 722
111 314
112 114
113 527
113 530
114 288
114 314
115 116
115 118
115 120
116 535
117 119
117 618
118 473
118 475
119 475
120 475
121 122
121 251
121 308
121 310
122 123
122 125
122 310
123 160
123 452
123 480
124 443
124 453
124 615
124 661
125 251
125 452
126 127
126 131
127 130
127 475
128 129
129 481
130 322
130 324
132 133
132 756
132 758
133 450
133 456
134 427
134 450
134 456
135 233
135 390
136 137
136 208
136 210
136 443
137 138
137 140
138 140
138 334
138 567
139 753
141 142
141 144
142 144
143 144
144 145
144 278
145 277
145 279
146 148
146 150
146 152
147 148
147 296
147 547
147 564
148 149
148 152
149 150
149 565
150 152
151 152
151 229
152 153
153 229
153 231
155 156
155 159
155 225
155 292
156 157
156 159
157 159
157 404
158 159
158 227
158 408
158 484
159 405
160 405
160 693
161 162
161 164
162 163
162 466
163 682
164 376
165 376
166 167
166 169
166 171
166 173
167 168
167 655
167 752
168 170
169 609
170 171
170 711
171 254
171 711
172 173
173 174
173 691
174 470
174 693
175 176
175 737
176 177
177 736
177 739
178 180
178 384
179 180
179 182
179 358
180 182
180 719
181 358
182 719
182 766
183 184
183 186
183 189
183 306
184 185
184 187
184 189
184 628
185 187
185 305
186 187
186 305
186 667
187 306
188 213
188 554
190 213
190 537
191 192
191 194
192 194
193 194
195 196
195 198
195 200
196 197
196 199
197 199
198 199
198 461
199 200
200 418
200 462
201 204
201 222
201 459
202 204
203 205
203 589
203 630
204 457
204 459
205 630
206 207
206 209
206 211
206 573
207 211
207 444
207 453
208 211
208 443
209 299
209 634
210 300
210 634
211 444
212 214
212 555
212 655
213 215
213 702
214 256
214 692
215 256
216 217
216 561
216 598
217 219
217 221
218 220
218 598
219 221
220 268
221 268
222 224
222 457
223 225
223 227
223 422
224 228
224 422
225 292
226 422
227 292
227 408
228 422
228 610
229 231
230 231
231 232
232 631
233 234
233 389
234 235
234 406
235 389
236 238
238 411
239 240
239 420
239 656
239 715
240 242
240 478
241 242
241 366
242 243
242 432
242 496
243 420
244 246
244 302
244 442
244 687
245 364
245 586
246 302
246 616
246 688
247 293
248 293
248 367
249 251
249 437
250 252
250 586
251 307
251 524
251 661
252 364
252 661
253 255
253 257
254 257
254 692
255 404
255 562
256 258
256 713
258 404
258 562
258 576
258 580
259 260
259 262
259 264
260 261
260 618
261 263
261 546
261 621
262 563
263 476
264 265
264 563
265 668
266 267
266 359
266 419
266 536
267 350
267 418
267 462
269 270
269 272
269 274
270 458
270 460
271 274
271 460
272 274
273 274
275 276
275 315
275 320
275 488
276 486
276 488
277 278
277 540
278 540
279 540
280 281
280 283
280 285
281 284
281 566
281 716
282 336
284 285
284 566
285 566
286 288
286 290
287 289
287 291
288 530
288 683
289 740
290 602
291 355
291 541
292 408
293 365
293 367
294 295
294 297
295 296
296 297
296 564
297 546
297 548
299 300
299 364
299 697
300 302
300 648
301 302
301 349
302 387
302 617
303 573
303 616
304 349
304 415
304 567
305 554
306 554
307 309
307 615
307 661
308 311
308 346
309 310
310 615
310 661
311 344
311 346
312 313
312 343
313 656
314 508
315 316
315 318
315 320
316 317
316 320
316 644
317 623
318 320
318 387
318 644
318 690
319 320
319 510
321 486
321 510
322 563
323 324
323 572
324 329
324 627
325 707
328 329
328 332
329 627
330 332
330 572
331 351
332 352
336 577
337 338
337 340
338 502
338 600
339 600
340 600
340 602
342 421
343 421
344 532
345 532
346 515
347 387
347 689
348 442
348 452
348 454
349 387
349 495
351 572
353 356
353 636
354 356
354 358
356 463
357 358
359 418
360 361
360 479
360 489
360 513
361 362
362 476
363 581
364 524
364 648
364 697
365 367
366 367
366 437
367 420
368 506
368 514
369 420
369 422
370 372
370 374
371 372
371 374
371 454
372 375
372 454
373 587
374 454
375 712
378 379
378 381
378 520
379 416
379 520
380 382
380 520
381 520
381 522
382 520
382 523
383 424
383 428
383 497
384 424
384 429
385 387
385 389
385 391
386 432
387 689
387 701
388 390
388 407
389 390
390 391
390 406
390 408
390 632
391 406
391 690
392 686
393 496
394 395
394 397
394 659
395 396
395 398
395 400
396 399
397 399
398 522
398 607
399 400
400 441
401 403
404 405
406 407
406 409
407 408
407 555
407 662
410 411
410 727
411 413
414 492
414 494
415 442
415 444
415 493
415 567
417 520
418 429
419 536
420 656
421 574
422 482
423 425
424 497
427 428
427 449
427 497
428 429
429 681
430 504
432 437
433 435
434 435
434 454
434 552
434 714
435 633
436 633
437 586
439 441
440 593
441 733
442 444
442 453
443 573
444 452
445 446
445 448
446 566
449 450
450 758
451 505
451 507
452 478
453 478
455 754
456 684
457 458
458 459
459 460
463 464
464 751
465 614
467 469
467 471
468 469
468 739
468 752
469 739
470 609
471 472
472 609
473 474
476 477
476 666
477 588
478 480
479 512
480 512
481 571
483 484
483 703
483 731
484 703
485 487
485 489
485 491
486 488
487 488
487 490
488 510
489 491
490 733
492 494
492 595
492 706
493 706
494 596
495 701
498 499
498 501
499 772
500 577
500 635
502 503
504 506
505 506
505 514
506 514
506 610
508 509
508 754
511 575
512 513
513 608
516 517
516 519
517 631
517 696
519 569
520 522
521 522
521 607
522 607
523 608
524 615
524 649
526 718
527 529
527 531
528 531
528 741
529 531
529 741
531 709
531 728
533 534
533 626
533 755
536 629
537 545
539 540
541 728
542 544
543 672
544 610
546 547
547 621
549 550
549 552
550 552
551 552
551 714
552 633
554 662
555 662
556 702
557 559
557 764
558 560
559 560
559 598
560 597
560 764
561 598
562 713
567 687
570 571
570 710
573 649
574 576
574 580
576 580
578 635
579 713
581 740
582 584
582 668
583 584
584 585
584 704
585 725
585 751
587 592
588 763
589 591
589 593
590 592
594 595
594 687
594 706
595 705
596 705
597 598
600 601
602 636
603 605
603 743
605 606
605 743
606 743
611 612
611 614
612 614
615 649
616 686
617 657
617 659
617 773
618 620
619 620
620 621
622 645
622 653
623 644
624 626
624 755
625 665
627 668
628 652
631 632
633 714
634 648
634 753
636 750
637 639
638 640
638 759
639 642
639 759
640 759
641 682
644 686
644 688
645 647
647 729
649 661
650 676
651 653
652 653
653 654
653 764
655 662
655 752
656 724
657 659
657 773
658 660
661 767
664 715
666 667
669 670
669 672
670 672
670 675
671 673
671 675
673 674
674 675
674 719
675 700
678 747
680 698
686 687
686 689
687 688
689 705
690 701
691 693
693 734
695 745
699 774
700 768
709 741
711 760
712 722
717 718
719 766
719 768
720 723
721 722
722 744
723 762
725 726
726 727
730 731
736 737
736 739
738 739
744 745
746 762
750 763
756 758
765 767
766 768
