410 2765
0 13
0 29
0 62
0 77
0 82
0 96
0 119
0 124
0 129
0 143
0 156
0 173
0 184
0 195
0 209
0 239
0 273
0 292
0 304
0 317
0 327
0 332
0 341
0 360
1 6
1 38
1 73
1 74
1 103
1 115
1 147
1 148
1 181
1 199
1 200
1 220
1 222
1 234
1 238
1 273
1 282
1 285
1 290
1 342
1 346
1 361
1 365
1 371
1 379
1 409
2 5
2 13
2 27
2 56
2 95
2 108
2 109
2 127
2 128
2 156
2 162
2 171
2 196
2 228
2 235
2 240
2 244
2 248
2 272
2 286
2 306
2 332
2 397
3 75
3 158
3 251
3 289
3 301
3 380
3 392
4 8
4 13
4 20
4 29
4 57
4 77
4 84
4 96
4 143
4 156
4 172
4 232
4 239
4 272
4 317
4 332
4 334
4 336
4 341
5 21
5 95
5 187
5 213
5 235
5 264
5 362
6 11
6 50
6 103
6 115
6 147
6 148
6 182
6 185
6 192
6 199
6 215
6 222
6 225
6 226
6 269
6 281
6 285
6 303
6 365
6 371
7 10
7 42
7 48
7 59
7 62
7 93
7 161
7 177
7 194
7 207
7 216
7 221
7 270
7 274
7 277
7 319
7 369
7 371
8 12
8 28
8 36
8 40
8 53
8 60
8 63
8 89
8 125
8 127
8 156
8 162
8 172
8 178
8 224
8 232
8 235
8 257
8 262
8 272
8 276
8 286
8 317
8 334
8 348
8 376
8 385
8 401
9 61
9 91
9 384
10 42
10 48
10 161
10 177
10 194
10 207
10 216
10 221
10 227
10 242
10 270
10 277
10 296
10 319
10 346
10 371
10 391
11 50
11 103
11 115
11 147
11 182
11 192
11 215
11 222
11 225
11 269
11 281
11 361
11 365
11 371
11 379
11 409
12 28
12 36
12 53
12 60
12 63
12 89
12 125
12 154
12 162
12 187
12 195
12 224
12 235
12 272
12 276
12 295
12 334
12 341
12 348
12 376
12 401
13 36
13 40
13 53
13 89
13 128
13 138
13 171
13 224
13 240
13 257
13 261
13 300
13 306
13 318
13 341
13 397
13 400
14 31
14 71
14 117
14 133
15 30
15 75
15 98
15 150
15 164
15 175
15 203
15 217
15 231
15 241
15 243
15 335
15 355
15 358
16 55
16 132
16 151
16 278
16 281
16 329
16 380
16 398
17 39
17 58
17 211
17 242
17 255
17 303
17 383
18 145
18 256
18 261
18 384
19 72
19 97
19 144
19 173
19 274
19 291
19 375
20 57
20 72
20 77
20 84
20 96
20 104
20 143
20 149
20 156
20 172
20 173
20 205
20 228
20 276
20 292
20 317
20 336
20 341
20 363
20 368
21 70
21 86
21 91
21 95
21 99
21 109
21 145
21 156
21 178
21 187
21 235
21 248
21 249
21 256
21 261
21 397
22 59
22 124
22 184
22 204
22 230
22 299
23 276
24 34
24 78
24 123
24 155
24 275
24 297
24 377
25 75
25 81
25 165
25 211
25 242
25 278
25 382
25 389
26 29
27 36
27 56
27 85
27 89
27 95
27 109
27 171
27 196
27 228
27 261
27 306
27 311
27 332
28 36
28 53
28 60
28 63
28 89
28 125
28 154
28 162
28 224
28 276
28 334
28 348
28 376
28 397
28 401
29 37
29 96
29 104
29 131
29 134
29 143
29 149
29 195
29 232
29 239
29 242
29 273
29 284
29 292
29 296
29 317
29 321
29 325
29 336
29 341
29 363
29 399
30 164
30 175
30 217
30 231
30 241
30 335
30 358
32 39
32 151
32 203
32 251
32 252
32 309
33 42
33 44
33 62
33 120
33 270
33 274
33 346
33 371
34 49
34 54
34 56
34 78
34 99
34 123
34 155
34 275
34 297
34 333
34 377
34 386
34 388
35 62
35 72
35 113
35 124
35 149
35 204
35 218
35 260
35 304
35 325
35 332
35 336
35 357
35 407
36 53
36 63
36 89
36 125
36 149
36 154
36 162
36 224
36 272
36 276
36 295
36 334
36 348
36 368
36 401
37 82
37 131
37 149
37 156
37 168
37 239
37 258
37 273
37 284
37 296
37 325
37 357
38 50
38 73
38 74
38 103
38 115
38 148
38 181
38 199
38 200
38 226
38 234
38 238
38 269
38 273
38 282
38 285
38 290
38 342
38 350
38 361
38 379
38 409
39 67
39 79
39 81
39 117
39 136
39 137
39 165
39 175
39 211
39 229
39 253
39 288
39 324
39 345
39 382
39 393
39 394
39 405
40 57
40 206
40 280
40 292
40 376
41 156
41 178
41 189
41 263
41 333
41 372
41 388
42 48
42 59
42 66
42 80
42 93
42 120
42 134
42 153
42 161
42 177
42 183
42 207
42 216
42 221
42 227
42 250
42 254
42 270
42 277
42 319
42 356
42 369
42 371
43 77
43 156
43 190
43 205
43 232
43 239
43 332
43 368
44 121
44 141
44 222
44 245
44 371
44 403
44 404
45 67
45 75
45 112
45 158
45 175
45 186
45 217
45 251
45 252
45 289
45 301
45 303
45 309
45 343
45 373
45 405
46 110
46 119
46 146
46 167
46 176
46 179
46 188
46 209
46 212
46 236
46 265
46 313
46 322
47 118
47 208
47 210
48 156
48 161
48 207
48 216
48 221
48 254
48 270
48 277
48 364
48 369
48 371
49 54
49 64
49 78
49 123
49 155
49 208
49 223
49 275
49 294
49 297
49 333
49 349
49 377
49 386
49 388
50 74
50 115
50 147
50 181
50 182
50 192
50 215
50 222
50 225
50 234
50 238
50 269
50 281
50 282
50 285
50 290
50 354
50 365
50 371
50 396
50 409
51 97
51 111
51 126
51 174
51 274
51 338
51 346
51 364
51 365
52 59
52 90
52 113
52 119
52 124
52 139
52 184
52 204
52 299
52 304
52 387
52 407
53 63
53 89
53 125
53 154
53 162
53 195
53 213
53 224
53 272
53 276
53 284
53 295
53 334
53 376
54 78
54 123
54 235
54 333
54 349
55 81
55 88
55 132
55 151
55 255
55 278
55 329
55 345
55 382
55 383
55 398
56 64
56 78
56 109
56 196
56 214
56 235
56 286
56 294
56 297
56 333
57 77
57 84
57 96
57 104
57 143
57 149
57 172
57 205
57 232
57 292
57 317
57 341
57 363
57 368
58 126
58 157
58 268
58 330
58 342
58 409
59 82
59 90
59 113
59 119
59 124
59 129
59 139
59 146
59 161
59 179
59 184
59 204
59 209
59 212
59 221
59 230
59 236
59 244
59 265
59 277
59 287
59 299
59 304
59 313
59 314
59 322
59 347
59 387
59 407
60 63
60 125
60 154
60 224
60 262
60 272
60 276
60 334
60 348
60 349
60 376
60 401
61 138
61 311
61 397
62 66
62 93
62 120
62 147
62 153
62 161
62 177
62 180
62 191
62 227
62 254
62 270
62 304
62 327
62 346
62 353
62 356
63 89
63 162
63 224
63 272
63 276
63 334
63 336
64 78
64 214
64 223
64 294
65 69
65 83
65 130
65 185
65 220
65 226
65 303
65 305
65 310
65 320
65 403
66 93
66 120
66 147
66 153
66 161
66 169
66 177
66 191
66 216
66 221
66 227
66 254
66 270
66 277
66 304
66 327
66 353
66 356
66 369
66 371
67 98
67 105
67 112
67 116
67 117
67 175
67 211
67 217
67 231
67 301
67 335
67 355
67 366
67 374
68 97
68 101
68 168
68 216
68 219
68 233
68 242
68 277
68 283
68 314
68 364
69 152
69 315
69 320
70 131
70 156
70 228
70 240
70 325
71 105
71 107
71 117
71 211
71 229
71 243
71 253
71 331
71 351
71 355
71 366
72 101
72 144
72 173
72 207
72 216
72 250
72 273
72 274
72 277
72 291
72 313
72 314
72 340
72 360
72 369
72 371
73 115
73 135
73 148
73 181
73 192
73 200
73 234
73 238
73 269
73 281
73 282
73 285
73 290
73 342
73 361
73 379
73 406
73 409
74 103
74 115
74 147
74 148
74 181
74 215
74 234
74 238
74 269
74 281
74 282
74 285
74 290
74 303
74 305
74 342
74 361
74 365
74 379
74 409
75 98
75 106
75 112
75 158
75 165
75 186
75 197
75 203
75 251
75 259
75 289
75 301
75 303
75 309
75 324
75 335
75 355
75 373
75 378
75 380
75 382
75 392
75 405
76 85
76 102
76 171
76 235
76 293
76 316
76 381
77 84
77 96
77 104
77 143
77 172
77 195
77 232
77 317
77 332
77 341
77 348
77 357
77 363
77 368
78 118
78 123
78 155
78 208
78 210
78 223
78 275
78 297
78 333
78 377
79 88
79 106
79 122
79 136
79 201
79 351
79 378
79 405
80 83
80 97
80 110
80 139
80 144
80 173
80 194
80 221
80 250
80 274
80 277
80 319
81 88
81 158
81 165
81 211
81 242
81 278
81 309
81 382
81 383
81 389
82 111
82 149
82 156
82 219
82 239
82 284
82 307
82 336
82 357
83 94
83 103
83 114
83 130
83 185
83 220
83 226
83 281
83 285
83 290
83 303
83 305
83 365
83 379
83 403
84 96
84 104
84 138
84 172
84 206
84 224
84 232
84 317
84 341
84 363
84 368
85 95
85 102
85 210
85 240
85 316
85 381
86 156
86 256
86 390
87 111
87 134
87 221
87 230
87 258
87 274
87 281
87 356
88 132
88 151
88 211
88 255
88 278
88 303
88 324
88 328
88 329
88 382
88 383
88 398
89 125
89 131
89 149
89 162
89 224
89 257
89 272
89 276
89 286
89 317
89 318
89 334
89 348
89 360
89 376
89 395
89 401
90 101
90 110
90 113
90 119
90 124
90 129
90 131
90 139
90 156
90 184
90 204
90 209
90 216
90 230
90 265
90 287
90 299
90 313
90 347
90 387
90 391
90 407
91 156
91 261
91 332
91 377
91 384
91 386
91 402
92 190
92 271
92 284
92 352
93 120
93 147
93 153
93 156
93 169
93 177
93 180
93 183
93 191
93 216
93 221
93 227
93 237
93 254
93 270
93 274
93 277
93 319
93 321
93 353
93 356
93 369
93 396
94 148
94 185
94 371
95 213
95 311
95 362
96 104
96 131
96 143
96 156
96 172
96 195
96 292
96 317
96 341
96 363
97 144
97 194
97 215
97 233
97 250
97 277
97 313
97 346
97 360
98 136
98 150
98 164
98 175
98 203
98 217
98 231
98 241
98 243
98 303
98 335
98 355
98 358
99 178
99 187
99 213
99 235
99 240
99 248
99 286
99 293
99 311
99 325
99 339
99 372
99 390
100 140
100 230
100 302
101 168
101 219
101 227
101 233
101 244
101 277
101 283
101 314
101 364
102 178
102 235
102 316
102 381
103 115
103 148
103 181
103 182
103 185
103 199
103 200
103 215
103 222
103 225
103 238
103 282
103 285
103 290
103 303
103 342
103 350
103 361
103 365
103 379
103 409
104 143
104 154
104 172
104 179
104 195
104 224
104 232
104 284
104 292
104 317
104 332
104 341
104 368
105 107
105 112
105 117
105 175
105 211
105 217
105 229
105 243
105 247
105 253
105 288
105 331
105 344
105 355
105 358
105 366
105 367
105 374
106 158
106 186
106 197
106 251
106 289
106 301
106 303
106 309
106 378
106 380
106 383
106 392
107 229
107 252
107 331
107 351
107 355
107 393
108 127
108 138
108 156
108 171
108 235
108 240
108 286
108 317
108 339
108 397
109 171
109 196
109 235
109 244
109 261
109 306
110 113
110 119
110 124
110 146
110 156
110 167
110 176
110 179
110 188
110 209
110 212
110 230
110 236
110 260
110 265
110 287
110 313
110 322
110 391
110 407
111 168
111 242
111 291
111 338
111 356
112 117
112 198
112 243
112 301
112 303
112 343
113 124
113 139
113 184
113 204
113 209
113 216
113 230
113 299
113 304
113 313
113 332
113 336
113 347
113 369
113 407
114 130
114 142
114 185
114 193
114 220
114 226
114 310
114 315
115 147
115 148
115 157
115 181
115 199
115 200
115 220
115 225
115 226
115 234
115 238
115 269
115 281
115 282
115 285
115 290
115 342
115 354
115 361
115 365
115 379
115 396
115 409
116 211
116 366
116 374
117 132
117 163
117 211
117 243
117 247
117 253
117 301
117 329
117 331
117 367
117 374
118 155
118 156
118 208
118 210
119 129
119 156
119 167
119 176
119 179
119 184
119 209
119 212
119 236
119 258
119 260
119 265
119 287
119 299
119 313
119 322
120 147
120 153
120 169
120 177
120 180
120 183
120 191
120 207
120 221
120 227
120 237
120 254
120 277
120 327
120 338
120 353
120 356
120 369
120 371
121 147
121 160
121 225
121 242
121 273
121 285
121 326
121 354
121 375
121 409
122 136
122 267
122 296
122 324
122 328
122 405
123 155
123 223
123 275
123 297
123 349
123 372
123 377
124 129
124 139
124 188
124 204
124 209
124 230
124 299
124 304
124 313
124 332
124 336
124 347
124 387
124 407
125 154
125 162
125 224
125 271
125 276
125 295
125 317
125 334
125 348
125 376
126 174
126 219
126 338
126 365
126 375
126 409
127 156
127 167
127 208
127 239
127 244
127 298
127 313
127 368
128 224
128 276
128 318
128 400
129 139
129 204
129 209
129 230
129 299
129 347
129 369
129 407
130 185
130 226
131 138
131 149
131 206
131 273
131 304
131 336
131 368
131 395
131 407
132 303
132 329
132 355
132 383
133 331
133 351
133 393
134 216
134 273
134 274
134 360
135 141
135 245
135 337
135 359
135 403
136 150
136 201
136 203
136 217
136 241
136 267
136 301
136 303
136 324
136 328
136 329
136 345
136 378
136 380
136 398
136 405
137 253
138 235
138 240
138 261
138 311
138 317
138 397
139 156
139 184
139 204
139 216
139 230
139 250
139 299
139 332
139 347
139 387
139 407
140 230
140 302
141 142
141 245
141 273
141 337
141 404
142 159
142 193
142 217
142 225
142 245
142 337
143 149
143 172
143 195
143 205
143 260
143 292
143 317
143 325
143 336
143 341
143 363
143 401
144 156
144 194
144 250
145 256
145 261
145 384
146 167
146 176
146 179
146 188
146 209
146 212
146 236
146 260
146 265
146 287
146 313
146 322
146 391
147 148
147 161
147 169
147 177
147 183
147 191
147 192
147 204
147 215
147 221
147 222
147 225
147 227
147 254
147 269
147 270
147 274
147 281
147 285
147 290
147 319
147 323
147 327
147 346
147 353
147 356
147 360
147 365
147 371
147 375
147 379
147 409
148 181
148 199
148 200
148 225
148 234
148 238
148 281
148 282
148 285
148 290
148 303
148 342
148 361
148 365
148 371
148 379
148 409
149 156
149 172
149 213
149 228
149 239
149 257
149 262
149 273
149 284
149 304
149 317
149 336
149 357
149 363
149 395
149 407
150 164
150 175
150 203
150 217
150 231
150 241
150 335
150 358
151 201
151 252
151 255
151 259
151 281
151 303
151 373
151 383
151 398
152 315
152 320
153 169
153 177
153 191
153 207
153 216
153 221
153 227
153 254
153 270
153 353
153 356
153 371
154 162
154 224
154 276
154 295
154 334
154 348
154 376
155 214
155 223
155 275
155 279
155 297
155 377
155 386
156 178
156 180
156 184
156 190
156 204
156 205
156 206
156 208
156 213
156 235
156 239
156 244
156 248
156 273
156 279
156 286
156 287
156 293
156 308
156 311
156 332
156 352
156 372
156 390
156 397
157 245
157 330
158 186
158 197
158 201
158 231
158 251
158 252
158 289
158 301
158 303
158 309
158 324
158 378
158 380
158 392
159 193
159 217
160 273
160 326
160 354
161 173
161 177
161 183
161 194
161 207
161 216
161 221
161 254
161 258
161 270
161 277
161 287
161 319
161 327
161 356
161 369
161 371
162 187
162 224
162 235
162 272
162 276
162 317
162 318
162 334
162 336
162 348
162 360
162 376
162 397
163 253
163 393
164 175
164 203
164 217
164 231
164 241
164 335
164 355
164 358
165 201
165 217
165 242
165 252
165 309
165 324
165 382
165 389
166 210
166 213
166 261
166 306
166 408
167 176
167 179
167 188
167 209
167 212
167 236
167 260
167 265
167 287
167 313
167 322
167 391
168 219
168 233
168 242
168 274
168 283
168 314
168 364
168 375
169 177
169 191
169 254
169 353
169 356
170 300
170 306
171 196
171 228
171 240
171 261
171 279
171 286
171 306
171 311
171 325
172 232
172 239
172 250
172 258
172 284
172 292
172 317
172 334
172 336
172 341
172 352
172 363
173 237
173 273
173 283
173 291
173 304
173 313
173 314
173 369
175 203
175 217
175 231
175 241
175 252
175 335
175 358
175 366
175 374
176 179
176 209
176 212
176 236
176 260
176 265
176 313
176 385
176 391
177 183
177 191
177 207
177 216
177 221
177 227
177 233
177 254
177 270
177 274
177 327
177 356
177 369
177 371
178 187
178 210
178 235
178 261
178 279
178 286
178 293
178 332
178 372
178 390
178 397
179 188
179 209
179 212
179 236
179 260
179 265
179 313
179 322
179 385
179 391
180 219
180 237
180 296
180 304
180 375
181 182
181 192
181 199
181 200
181 222
181 234
181 238
181 269
181 282
181 285
181 290
181 342
181 361
181 365
181 379
181 409
182 192
182 215
182 222
182 225
182 238
182 269
182 281
182 285
182 290
182 365
182 371
182 409
183 191
183 207
183 216
183 227
183 254
183 270
183 319
183 327
183 353
183 356
183 371
184 204
184 209
184 230
184 299
184 313
184 332
184 347
184 387
184 407
185 220
185 226
185 281
185 285
185 303
185 305
185 315
185 403
186 197
186 251
186 289
186 301
186 303
186 309
186 378
186 380
186 382
186 383
186 392
187 235
187 248
187 261
187 318
188 204
188 209
188 221
188 236
188 260
188 287
188 299
188 313
188 322
188 347
188 391
189 263
190 257
190 258
190 280
190 284
190 292
190 318
190 332
190 352
190 360
190 368
191 207
191 216
191 221
191 227
191 242
191 254
191 270
191 283
191 291
191 296
191 319
191 327
191 338
191 353
191 356
191 371
192 199
192 215
192 222
192 225
192 234
192 238
192 245
192 269
192 273
192 274
192 281
192 285
192 290
192 303
192 305
192 342
192 365
192 371
192 379
192 396
192 403
193 266
193 315
193 350
193 403
194 216
194 250
194 274
194 346
195 292
195 317
196 244
196 306
196 316
196 385
197 251
197 301
197 303
197 309
197 324
197 378
197 380
198 301
198 343
199 200
199 225
199 238
199 266
199 269
199 273
199 285
199 290
199 361
199 365
199 379
199 409
200 215
200 222
200 234
200 238
200 282
200 285
200 290
200 303
200 305
200 342
200 361
200 379
200 409
201 345
202 408
203 217
203 231
203 241
203 324
203 335
203 358
204 209
204 230
204 287
204 299
204 304
204 313
204 332
204 347
204 407
205 228
205 239
205 257
205 280
205 284
205 292
205 317
205 318
205 325
205 332
205 341
205 352
205 360
205 368
205 370
206 295
206 332
206 341
207 216
207 221
207 227
207 254
207 270
207 277
207 319
207 356
207 364
207 369
207 371
208 210
208 261
209 212
209 216
209 230
209 236
209 260
209 265
209 273
209 287
209 299
209 304
209 313
209 322
209 347
209 391
209 407
211 242
211 243
211 255
211 259
211 267
211 309
211 331
211 355
211 374
212 236
212 260
212 265
212 287
212 313
212 322
212 385
212 407
213 293
213 336
214 294
215 222
215 225
215 234
215 269
215 273
215 281
215 285
215 290
215 342
215 361
215 365
215 371
215 379
215 396
215 409
216 221
216 227
216 242
216 265
216 270
216 277
216 283
216 287
216 291
216 302
216 319
216 356
216 369
216 371
217 231
217 238
217 241
217 252
217 303
217 335
217 358
217 403
219 233
219 283
219 314
219 364
220 226
220 305
220 403
221 227
221 250
221 254
221 270
221 277
221 291
221 296
221 319
221 369
221 371
222 225
222 242
222 269
222 281
222 282
222 285
222 290
222 342
222 361
222 365
222 371
222 396
222 409
223 275
223 297
223 377
224 262
224 272
224 276
224 295
224 317
224 334
224 336
224 348
224 376
224 400
224 401
225 234
225 238
225 269
225 281
225 290
225 312
225 354
225 361
225 365
225 371
225 379
225 396
225 409
226 303
226 305
226 361
226 403
227 254
227 270
227 296
227 314
227 327
227 353
227 356
227 364
228 235
228 306
228 325
228 336
229 252
229 253
229 331
229 393
230 265
230 299
230 302
230 304
230 332
230 347
230 356
230 387
230 407
231 241
231 303
231 335
231 358
231 405
232 292
232 304
232 314
232 317
232 336
232 341
232 363
233 274
233 283
233 304
233 313
233 314
233 364
234 238
234 281
234 282
234 285
234 290
234 342
234 350
234 361
234 365
234 379
234 396
234 409
235 244
235 248
235 256
235 261
235 286
235 318
235 325
235 397
236 260
236 265
236 287
236 313
236 322
236 385
237 242
237 265
237 296
237 299
237 304
238 273
238 281
238 282
238 285
238 290
238 342
238 361
238 379
238 409
239 317
239 332
239 336
239 357
240 311
240 318
240 339
240 376
240 381
240 397
241 243
241 303
241 335
241 358
242 254
242 273
242 278
242 283
242 296
242 303
242 327
242 353
242 375
242 389
242 398
243 355
244 283
244 298
244 314
244 347
245 305
245 337
245 359
245 371
245 404
246 306
248 261
248 286
249 261
250 274
250 277
250 313
250 346
250 369
251 289
251 301
251 303
251 309
251 378
251 380
252 303
252 351
252 358
252 366
252 373
252 394
253 331
253 355
254 270
254 327
254 353
254 356
254 369
255 259
255 278
255 303
256 261
256 311
256 384
257 284
257 385
257 390
257 397
258 260
258 273
258 299
258 352
258 370
259 378
260 265
260 287
260 304
260 313
260 357
260 391
261 397
262 334
262 401
264 311
264 332
265 287
265 313
265 317
265 322
265 407
266 342
266 350
266 403
267 324
267 328
267 345
267 405
269 281
269 282
269 290
269 342
269 361
269 365
269 371
269 396
270 277
270 319
270 356
270 369
270 371
270 396
271 280
271 284
271 292
271 368
271 370
272 276
272 295
272 348
272 376
272 401
273 281
273 282
273 303
273 305
273 313
273 332
273 336
273 399
273 403
274 346
275 297
275 377
275 386
276 317
276 318
276 341
276 348
276 401
277 319
277 356
277 364
277 369
277 371
278 324
278 383
278 389
278 398
279 372
280 368
280 370
281 282
281 285
281 290
281 320
281 359
281 361
281 365
281 371
281 379
281 396
281 403
281 409
282 285
282 290
282 310
282 342
282 361
282 371
282 379
282 409
283 291
283 314
283 346
283 364
283 369
283 371
284 292
284 352
284 368
284 385
285 290
285 310
285 342
285 354
285 361
285 365
285 371
285 379
285 409
286 334
286 390
287 299
287 304
287 313
287 322
287 332
287 368
287 391
287 407
289 301
289 303
289 309
289 378
289 380
289 383
289 392
290 342
290 361
290 371
290 379
290 409
291 304
291 313
291 314
291 360
291 371
291 375
292 317
292 318
292 341
292 363
295 334
295 348
295 376
295 401
296 303
296 304
296 315
296 320
296 327
296 353
296 398
297 377
297 388
298 408
299 304
299 313
299 332
299 347
299 407
300 306
301 303
301 309
301 324
301 343
301 355
301 374
301 378
301 380
301 392
301 394
301 405
302 356
303 309
303 310
303 312
303 315
303 320
303 324
303 335
303 373
303 378
303 380
303 398
303 405
303 409
304 325
304 332
304 336
304 347
304 407
305 310
305 359
305 361
305 403
306 318
306 372
306 408
308 332
308 333
308 339
308 388
309 373
309 378
309 380
309 383
309 392
309 405
311 332
312 406
313 317
313 322
313 360
313 385
313 391
314 364
315 320
316 381
317 334
317 336
317 341
317 363
317 401
318 397
318 400
319 369
320 350
322 385
324 328
324 329
324 345
324 405
325 332
325 336
326 354
327 353
327 356
327 371
328 398
328 405
329 335
331 367
331 374
332 339
332 372
332 402
332 407
333 377
333 388
334 348
334 376
334 401
335 358
335 373
336 395
337 359
338 346
338 364
338 365
339 388
339 390
339 401
340 375
341 363
341 368
342 361
342 365
342 379
342 409
345 405
346 364
347 387
347 407
350 361
350 403
350 409
351 366
352 385
353 360
354 375
355 394
357 385
360 368
361 379
361 409
365 371
365 379
365 396
367 374
368 395
369 371
369 387
371 396
372 377
372 408
373 380
377 386
377 388
378 380
378 392
379 409
380 382
382 389
383 398
385 390
385 397
391 407
