96 117
1 6
1 8
1 54
1 76
1 85
2 56
3 75
4 19
5 16
5 17
5 20
5 40
5 93
6 8
6 45
6 54
6 89
7 61
8 28
8 38
8 39
8 42
8 54
8 72
9 54
9 89
9 95
10 54
11 45
11 56
11 94
12 15
13 24
13 75
14 41
14 50
15 21
15 33
15 93
18 84
19 54
21 96
22 53
22 65
22 68
23 51
25 28
26 89
27 53
28 32
28 78
28 93
29 54
29 68
29 72
30 64
31 45
31 55
31 58
34 93
35 45
36 54
37 54
38 54
39 50
40 59
40 93
41 66
41 81
41 88
43 45
43 74
44 72
45 56
45 58
45 74
45 75
45 79
45 83
46 89
47 54
48 73
48 87
48 93
49 70
50 77
51 54
51 56
51 72
51 74
52 56
53 57
53 64
53 70
54 61
54 67
54 89
54 92
54 93
56 72
56 80
56 90
60 74
61 72
61 95
62 72
63 95
64 81
64 89
65 91
66 75
69 72
71 79
72 93
82 89
84 89
86 89
