761 1029
1 245
1 512
2 209
2 255
3 520
4 512
5 493
6 483
7 55
7 279
7 358
7 503
7 686
7 735
8 11
8 25
9 378
9 409
9 644
10 22
10 94
10 144
10 152
10 223
10 228
10 233
10 248
10 280
10 285
10 441
10 464
10 512
10 542
10 572
10 580
10 606
10 618
10 651
10 703
10 708
10 728
10 737
10 761
12 250
12 409
13 300
14 90
14 693
15 300
15 506
15 509
15 512
15 533
16 61
16 586
17 250
18 728
19 245
20 374
20 397
20 548
21 397
21 534
22 88
22 171
22 192
22 280
22 315
22 357
22 377
22 397
22 491
22 494
22 677
22 761
23 281
24 27
24 360
24 414
24 429
24 477
25 34
25 306
25 373
25 492
25 493
25 528
25 640
25 750
26 245
26 391
28 90
29 93
29 106
29 685
30 137
30 561
31 272
31 397
31 518
31 553
32 76
33 397
35 521
36 718
37 137
37 342
37 554
38 558
39 137
40 54
40 86
40 261
40 457
40 514
41 657
42 761
43 512
44 47
45 158
46 686
47 307
47 444
48 155
49 512
50 132
50 461
50 512
50 657
51 158
52 203
52 238
52 461
53 552
54 184
54 267
54 338
54 457
54 538
56 216
56 378
56 400
56 409
56 610
57 531
57 623
58 62
58 92
58 390
58 426
58 523
58 587
59 190
60 155
61 120
62 587
63 351
64 184
65 458
65 587
66 277
66 482
67 77
67 180
67 351
67 358
68 551
68 747
69 130
69 488
69 761
70 419
70 459
71 137
72 190
72 395
72 521
72 552
72 761
73 362
74 137
75 516
76 153
76 162
76 225
76 615
76 656
77 124
77 129
77 158
77 169
77 181
77 252
77 255
77 326
77 351
77 478
77 547
77 568
77 620
77 665
77 693
77 728
77 754
78 159
78 183
78 334
78 438
79 646
80 137
81 512
82 696
83 493
84 378
85 504
86 159
86 200
86 246
86 556
87 493
89 212
89 328
90 265
90 288
90 324
90 371
90 529
90 693
90 712
91 354
91 358
93 228
93 362
95 320
95 483
96 202
97 560
98 412
98 521
98 600
98 639
99 493
99 693
100 707
101 229
102 179
103 307
103 482
104 162
105 296
105 378
105 409
105 588
107 626
108 158
109 681
110 158
110 291
110 632
110 653
111 139
111 420
112 122
112 427
113 588
114 436
115 393
116 334
117 298
117 321
118 666
119 652
119 730
120 686
121 493
122 252
122 283
122 478
122 551
123 204
123 208
123 386
123 530
123 633
124 158
124 169
124 358
124 607
125 750
126 514
127 458
128 393
129 567
131 137
132 351
132 461
133 171
134 478
134 520
135 228
135 527
135 572
135 723
136 137
136 615
137 138
137 168
137 194
137 238
137 264
137 268
137 275
137 286
137 304
137 362
137 393
137 397
137 403
137 429
137 437
137 449
137 515
137 520
137 521
137 525
137 539
137 549
137 557
137 581
137 639
137 651
137 701
137 706
137 759
138 557
138 657
139 148
139 158
139 245
139 333
139 351
139 355
139 486
139 596
139 603
139 635
139 663
139 672
139 724
140 750
141 218
141 358
141 368
141 478
141 543
141 594
141 620
141 656
141 666
141 735
142 198
142 378
142 485
142 514
142 560
142 573
143 272
143 320
143 483
144 618
145 509
146 694
147 750
149 377
149 397
149 536
150 155
151 623
153 631
154 158
155 244
155 426
155 435
155 473
155 546
155 614
155 667
155 729
156 166
156 383
156 435
156 521
156 593
157 171
157 240
157 397
157 477
157 520
157 602
157 634
157 748
158 159
158 180
158 223
158 228
158 229
158 241
158 340
158 351
158 358
158 367
158 370
158 505
158 514
158 516
158 520
158 521
158 566
158 567
158 568
158 586
158 590
158 623
158 657
158 669
158 686
158 689
158 693
159 200
159 229
159 384
159 450
159 505
159 555
159 623
160 493
161 693
163 184
164 342
165 609
165 657
167 421
168 418
168 696
169 243
169 252
169 478
169 485
169 489
169 551
169 559
169 560
170 245
171 232
171 335
171 605
171 636
171 735
171 761
172 266
172 510
172 686
173 205
173 653
174 184
174 236
174 392
175 334
176 519
176 572
177 447
177 514
178 260
178 356
178 591
178 704
179 229
180 358
180 567
180 735
181 358
181 728
182 393
183 652
184 262
184 269
184 276
184 290
184 319
184 373
184 413
184 474
184 533
184 629
184 682
184 731
185 375
185 757
186 477
186 524
187 455
188 595
189 397
190 381
191 409
192 397
193 207
193 378
193 436
195 348
196 521
197 274
197 724
199 478
200 317
200 358
201 250
201 396
201 423
202 673
203 461
204 208
205 230
205 401
206 509
208 435
208 530
209 302
209 725
210 591
210 615
211 693
212 328
213 512
214 707
215 666
217 355
219 521
220 228
220 493
221 657
222 377
223 672
223 688
224 356
226 761
227 311
228 378
228 393
228 425
228 435
228 512
228 513
228 535
228 565
228 572
228 577
228 595
228 618
229 431
229 433
229 458
229 518
229 526
229 537
229 578
229 586
229 587
229 639
229 658
229 705
229 731
229 751
230 351
230 401
231 291
231 522
234 750
235 305
236 393
237 290
238 334
238 438
238 459
238 461
238 472
238 505
238 623
238 711
239 468
239 469
239 512
239 662
239 668
239 743
242 547
243 302
243 358
243 466
243 479
243 547
245 345
245 439
245 528
245 603
245 659
245 736
245 753
247 557
249 521
250 257
250 409
250 423
250 588
251 381
252 358
252 551
252 642
252 657
252 693
253 358
254 610
255 686
256 378
258 595
259 351
261 541
263 560
266 404
270 551
270 707
271 378
272 428
273 512
273 761
274 724
275 365
275 398
275 563
275 608
276 574
276 629
276 738
277 352
277 493
277 649
278 393
278 661
279 452
279 583
279 604
280 393
281 357
282 666
284 693
286 342
286 638
286 735
286 754
287 591
288 693
289 686
289 720
291 761
292 339
292 458
292 587
293 409
294 393
295 358
295 478
296 378
297 693
298 761
299 568
300 545
300 585
300 661
300 679
300 693
301 663
302 358
302 416
302 547
303 358
305 482
307 482
307 494
308 509
309 390
310 351
311 313
312 493
312 660
312 710
312 715
312 746
313 661
314 557
316 718
317 482
318 381
321 744
322 348
322 434
322 481
322 704
323 383
324 712
325 327
325 621
325 720
325 759
328 380
328 484
328 597
328 634
328 716
329 728
330 693
331 482
332 438
334 438
334 467
334 711
334 719
334 758
335 601
336 735
337 397
338 697
341 410
341 521
343 667
344 369
346 618
347 735
348 704
349 623
349 752
350 477
350 576
351 358
351 379
351 420
351 568
351 637
351 693
351 735
353 358
358 402
358 477
358 494
358 567
358 669
358 673
358 693
358 735
358 755
359 536
359 540
359 659
361 409
361 586
362 618
363 705
364 587
366 515
366 558
369 485
372 741
375 377
376 397
377 397
377 419
377 536
378 409
378 462
378 610
378 611
378 624
379 669
381 456
382 460
383 435
383 686
384 578
384 722
385 737
387 744
388 623
389 720
390 426
390 471
392 617
393 432
393 473
393 493
393 512
393 661
393 678
393 680
393 732
394 536
395 744
397 419
397 472
397 485
397 532
397 536
397 538
397 540
397 623
397 657
397 686
397 707
397 708
399 651
399 696
405 472
406 654
407 713
408 609
408 622
408 686
409 411
409 496
409 569
409 588
409 610
409 630
409 644
410 521
414 674
415 558
417 693
419 497
419 536
419 639
419 686
420 663
421 661
422 582
424 447
426 587
428 646
429 463
430 520
433 526
435 651
435 676
436 619
440 693
441 651
441 693
442 521
443 521
445 587
446 471
448 533
451 744
453 566
454 536
455 567
458 587
458 639
458 664
458 750
459 461
460 461
461 502
461 623
461 728
465 551
470 648
470 750
472 639
474 683
475 693
476 682
477 524
478 693
480 651
481 704
482 721
482 742
485 570
485 654
485 657
485 659
485 681
487 751
488 744
490 623
490 626
490 675
493 507
493 598
493 612
493 639
493 661
493 671
493 695
493 696
493 734
495 707
497 654
498 509
499 618
500 504
500 571
501 615
502 641
503 599
505 733
508 728
509 514
509 651
511 547
512 527
512 562
512 657
514 538
514 623
514 693
517 681
520 521
520 639
520 657
520 686
520 711
520 728
520 761
521 657
521 674
521 686
521 761
525 586
529 627
536 657
536 686
537 578
537 623
538 693
538 697
544 693
547 625
547 707
547 735
549 650
550 750
551 652
551 657
552 677
556 714
557 657
558 670
558 690
560 655
560 657
561 728
562 718
564 693
567 735
571 693
575 595
579 686
582 741
584 639
587 686
587 741
589 693
591 639
592 683
596 663
599 686
599 760
600 761
606 720
613 661
616 653
618 741
619 694
620 735
620 754
623 639
623 686
623 707
623 728
623 735
628 677
639 657
639 702
639 741
639 759
643 651
645 693
647 666
651 661
651 687
651 692
651 705
652 730
654 726
657 708
661 676
663 665
666 699
674 739
676 693
676 714
681 709
683 727
684 693
686 693
686 696
686 735
691 708
691 745
693 728
698 707
700 707
704 713
717 720
722 750
728 735
728 756
737 749
740 761
