258 1026
1 1
1 2
1 3
1 4
1 5
2 2
2 3
2 4
2 6
2 7
2 10
3 3
3 5
3 6
3 8
3 11
4 4
4 5
4 7
4 9
4 12
5 5
5 8
5 9
5 13
6 6
6 10
6 11
6 14
6 16
7 7
7 10
7 12
7 15
7 17
8 8
8 11
8 13
8 18
8 20
9 9
9 12
9 13
9 19
9 21
10 10
10 14
10 15
10 22
11 11
11 16
11 18
11 23
12 12
12 17
12 19
12 24
13 13
13 20
13 21
13 25
14 14
14 16
14 22
14 26
14 30
15 15
15 17
15 22
15 27
15 31
16 16
16 23
16 26
16 32
17 17
17 24
17 27
17 33
18 18
18 20
18 23
18 28
18 34
19 19
19 21
19 24
19 29
19 35
20 20
20 25
20 28
20 36
21 21
21 25
21 29
21 37
22 22
22 30
22 31
22 38
23 23
23 32
23 34
23 39
24 24
24 33
24 35
24 40
25 25
25 36
25 37
25 41
26 26
26 30
26 32
26 42
26 44
27 27
27 31
27 33
27 43
27 45
28 28
28 34
28 36
28 46
28 48
29 29
29 35
29 37
29 47
29 49
30 30
30 38
30 42
30 50
31 31
31 38
31 43
31 51
32 32
32 39
32 44
32 52
33 33
33 40
33 45
33 53
34 34
34 39
34 46
34 54
35 35
35 40
35 47
35 55
36 36
36 41
36 48
36 56
37 37
37 41
37 49
37 57
38 38
38 50
38 51
38 58
39 39
39 52
39 54
39 59
40 40
40 53
40 55
40 60
41 41
41 56
41 57
41 61
42 42
42 44
42 50
42 62
42 66
43 43
43 45
43 51
43 63
43 67
44 44
44 52
44 62
44 68
45 45
45 53
45 63
45 69
46 46
46 48
46 54
46 64
46 70
47 47
47 49
47 55
47 65
47 71
48 48
48 56
48 64
48 72
49 49
49 57
49 65
49 73
50 50
50 58
50 66
50 74
51 51
51 58
51 67
51 75
52 52
52 59
52 68
52 76
53 53
53 60
53 69
53 77
54 54
54 59
54 70
54 78
55 55
55 60
55 71
55 79
56 56
56 61
56 72
56 80
57 57
57 61
57 73
57 81
58 58
58 74
58 75
58 82
59 59
59 76
59 78
59 83
60 60
60 77
60 79
60 84
61 61
61 80
61 81
61 85
62 62
62 66
62 68
62 86
62 88
63 63
63 67
63 69
63 87
63 89
64 64
64 70
64 72
64 90
64 92
65 65
65 71
65 73
65 91
65 93
66 66
66 74
66 86
66 94
67 67
67 75
67 87
67 95
68 68
68 76
68 88
68 96
69 69
69 77
69 89
69 97
70 70
70 78
70 90
70 98
71 71
71 79
71 91
71 99
72 72
72 80
72 92
72 100
73 73
73 81
73 93
73 101
74 74
74 82
74 94
74 102
75 75
75 82
75 95
75 103
76 76
76 83
76 96
76 104
77 77
77 84
77 97
77 105
78 78
78 83
78 98
78 106
79 79
79 84
79 99
79 107
80 80
80 85
80 100
80 108
81 81
81 85
81 101
81 109
82 82
82 102
82 103
82 110
83 83
83 104
83 106
83 111
84 84
84 105
84 107
84 112
85 85
85 108
85 109
85 113
86 86
86 88
86 94
86 119
86 121
87 87
87 89
87 95
87 120
87 122
88 88
88 96
88 121
88 123
89 89
89 97
89 122
89 124
90 90
90 92
90 98
90 135
90 137
91 91
91 93
91 99
91 136
91 138
92 92
92 100
92 137
92 139
93 93
93 101
93 138
93 140
94 94
94 102
94 117
94 119
95 95
95 103
95 118
95 120
96 96
96 104
96 123
96 125
97 97
97 105
97 124
97 126
98 98
98 106
98 133
98 135
99 99
99 107
99 134
99 136
100 100
100 108
100 139
100 141
101 101
101 109
101 140
101 142
102 102
102 110
102 115
102 117
103 103
103 110
103 116
103 118
104 104
104 111
104 125
104 127
105 105
105 112
105 126
105 128
106 106
106 111
106 131
106 133
107 107
107 112
107 132
107 134
108 108
108 113
108 141
108 143
109 109
109 113
109 142
109 144
110 110
110 114
110 115
110 116
111 111
111 127
111 129
111 131
112 112
112 128
112 130
112 132
113 113
113 143
113 144
113 145
114 114
114 115
114 116
114 146
115 115
115 117
115 146
115 150
116 116
116 118
116 146
116 151
117 117
117 119
117 150
117 158
118 118
118 120
118 151
118 159
119 119
119 121
119 158
119 166
120 120
120 122
120 159
120 167
121 121
121 123
121 166
121 168
122 122
122 124
122 167
122 169
123 123
123 125
123 160
123 168
124 124
124 126
124 161
124 169
125 125
125 127
125 152
125 160
126 126
126 128
126 153
126 161
127 127
127 129
127 147
127 152
128 128
128 130
128 148
128 153
129 129
129 131
129 147
130 130
130 132
130 148
131 131
131 133
131 147
131 154
132 132
132 134
132 148
132 155
133 133
133 135
133 154
133 162
134 134
134 136
134 155
134 163
135 135
135 137
135 162
135 170
136 136
136 138
136 163
136 171
137 137
137 139
137 170
137 172
138 138
138 140
138 171
138 173
139 139
139 141
139 164
139 172
140 140
140 142
140 165
140 173
141 141
141 143
141 156
141 164
142 142
142 144
142 157
142 165
143 143
143 145
143 149
143 156
144 144
144 145
144 149
144 157
145 145
145 149
146 146
146 150
146 151
146 174
147 147
147 152
147 154
147 175
148 148
148 153
148 155
148 176
149 149
149 156
149 157
149 177
150 150
150 158
150 174
150 178
151 151
151 159
151 174
151 179
152 152
152 160
152 175
152 180
153 153
153 161
153 176
153 181
154 154
154 162
154 175
154 182
155 155
155 163
155 176
155 183
156 156
156 164
156 177
156 184
157 157
157 165
157 177
157 185
158 158
158 166
158 178
158 186
159 159
159 167
159 179
159 187
160 160
160 168
160 180
160 188
161 161
161 169
161 181
161 189
162 162
162 170
162 182
162 190
163 163
163 171
163 183
163 191
164 164
164 172
164 184
164 192
165 165
165 173
165 185
165 193
166 166
166 168
166 186
166 194
167 167
167 169
167 187
167 195
168 168
168 188
168 194
169 169
169 189
169 195
170 170
170 172
170 190
170 196
171 171
171 173
171 191
171 197
172 172
172 192
172 196
173 173
173 193
173 197
174 174
174 178
174 179
174 198
175 175
175 180
175 182
175 199
176 176
176 181
176 183
176 200
177 177
177 184
177 185
177 201
178 178
178 186
178 198
178 202
179 179
179 187
179 198
179 203
180 180
180 188
180 199
180 204
181 181
181 189
181 200
181 205
182 182
182 190
182 199
182 206
183 183
183 191
183 200
183 207
184 184
184 192
184 201
184 208
185 185
185 193
185 201
185 209
186 186
186 194
186 202
186 210
187 187
187 195
187 203
187 211
188 188
188 194
188 204
188 212
189 189
189 195
189 205
189 213
190 190
190 196
190 206
190 214
191 191
191 197
191 207
191 215
192 192
192 196
192 208
192 216
193 193
193 197
193 209
193 217
194 194
194 210
194 212
195 195
195 211
195 213
196 196
196 214
196 216
197 197
197 215
197 217
198 198
198 202
198 203
198 218
199 199
199 204
199 206
199 219
200 200
200 205
200 207
200 220
201 201
201 208
201 209
201 221
202 202
202 210
202 218
202 222
203 203
203 211
203 218
203 223
204 204
204 212
204 219
204 224
205 205
205 213
205 220
205 225
206 206
206 214
206 219
206 226
207 207
207 215
207 220
207 227
208 208
208 216
208 221
208 228
209 209
209 217
209 221
209 229
210 210
210 212
210 222
210 230
211 211
211 213
211 223
211 231
212 212
212 224
212 230
213 213
213 225
213 231
214 214
214 216
214 226
214 232
215 215
215 217
215 227
215 233
216 216
216 228
216 232
217 217
217 229
217 233
218 218
218 222
218 223
218 234
219 219
219 224
219 226
219 235
220 220
220 225
220 227
220 236
221 221
221 228
221 229
221 237
222 222
222 230
222 234
222 238
223 223
223 231
223 234
223 239
224 224
224 230
224 235
224 240
225 225
225 231
225 236
225 241
226 226
226 232
226 235
226 242
227 227
227 233
227 236
227 243
228 228
228 232
228 237
228 244
229 229
229 233
229 237
229 245
230 230
230 238
230 240
231 231
231 239
231 241
232 232
232 242
232 244
233 233
233 243
233 245
234 234
234 238
234 239
234 246
235 235
235 240
235 242
235 247
236 236
236 241
236 243
236 248
237 237
237 244
237 245
237 249
238 238
238 240
238 246
238 250
239 239
239 241
239 246
239 251
240 240
240 247
240 250
241 241
241 248
241 251
242 242
242 244
242 247
242 252
243 243
243 245
243 248
243 253
244 244
244 249
244 252
245 245
245 249
245 253
246 246
246 250
246 251
246 254
247 247
247 250
247 252
247 255
248 248
248 251
248 253
248 256
249 249
249 252
249 253
249 257
250 250
250 254
250 255
251 251
251 254
251 256
252 252
252 255
252 257
253 253
253 256
253 257
254 254
254 255
254 256
254 258
255 255
255 257
255 258
256 256
256 257
256 258
257 257
257 258
258 258
