1036 1868
1 16
1 19
2 740
2 741
3 57
3 449
3 452
4 812
4 813
5 434
5 435
6 268
6 269
6 1027
7 21
7 22
7 39
8 185
8 186
8 340
8 721
9 269
9 270
9 346
10 19
10 349
10 352
11 31
11 32
11 280
11 283
12 577
12 578
12 732
13 749
13 926
13 927
14 813
14 814
14 1027
15 714
15 715
15 799
15 826
16 21
16 24
17 22
17 23
17 198
17 201
18 27
18 28
18 349
18 350
19 20
20 23
20 24
20 28
21 25
22 25
22 42
23 25
23 29
24 25
26 30
26 31
26 200
26 201
27 32
27 33
27 357
28 29
29 30
29 33
30 34
31 34
31 259
32 34
32 358
33 34
35 39
35 52
35 55
36 99
36 100
36 179
36 560
37 189
37 239
37 240
37 323
38 44
38 45
38 136
38 139
39 42
40 43
40 44
40 54
40 55
41 45
41 46
41 198
41 199
42 43
42 46
43 47
44 47
44 119
45 47
45 204
46 47
48 52
48 53
48 57
49 67
49 68
49 93
49 493
50 115
50 116
50 125
50 154
51 53
51 54
51 75
51 78
52 56
53 56
53 60
54 56
54 119
55 56
57 60
58 61
58 452
58 484
58 487
59 64
59 75
59 88
59 91
60 61
60 64
61 65
62 66
62 67
62 486
62 487
63 68
63 69
63 88
63 89
64 65
65 66
65 69
66 70
67 70
67 494
68 70
68 95
69 70
71 85
71 86
71 99
71 563
72 100
72 101
72 103
72 182
73 78
73 106
73 109
73 120
74 81
74 82
74 97
74 111
75 79
76 80
76 81
76 90
76 91
77 82
77 83
77 106
77 107
78 79
79 80
79 83
80 84
81 84
81 98
82 84
82 113
83 84
85 93
85 94
85 564
86 96
86 97
86 102
87 89
87 90
87 94
87 96
88 92
89 92
89 95
90 92
90 98
91 92
93 95
94 95
96 98
97 98
99 102
100 102
101 102
101 111
101 112
103 114
103 115
103 184
104 108
104 109
104 116
104 124
105 107
105 108
105 112
105 114
106 110
107 110
107 113
108 110
108 117
109 110
111 113
112 113
114 117
115 117
116 117
116 127
118 122
118 136
118 149
118 152
119 120
119 122
120 123
121 125
121 126
121 149
121 150
122 123
123 124
123 126
124 127
125 127
125 156
126 127
128 179
128 180
128 185
128 724
129 186
129 187
129 189
129 343
130 176
130 177
130 210
130 233
131 160
131 161
131 180
131 187
132 146
132 147
132 160
132 183
133 161
133 162
133 164
133 192
134 139
134 167
134 170
134 205
135 142
135 143
135 158
135 172
136 140
137 141
137 142
137 151
137 152
138 143
138 144
138 167
138 168
139 140
140 141
140 144
141 145
142 145
142 159
143 145
143 174
144 145
146 154
146 155
146 184
147 157
147 158
147 163
148 150
148 151
148 155
148 157
149 153
150 153
150 156
151 153
151 159
152 153
154 156
155 156
157 159
158 159
160 163
161 163
162 163
162 172
162 173
164 175
164 176
164 195
165 169
165 170
165 177
165 209
166 168
166 169
166 173
166 175
167 171
168 171
168 174
169 171
169 178
170 171
172 174
173 174
175 178
176 178
177 178
177 212
179 181
179 725
180 181
180 188
181 182
181 183
182 184
183 184
185 188
186 188
187 188
187 191
189 191
189 345
190 193
190 194
190 226
190 239
191 192
191 193
192 195
193 195
194 195
194 233
194 234
196 255
196 256
196 265
196 298
197 199
197 200
197 216
197 219
198 202
199 202
199 204
200 202
200 259
201 202
203 207
203 216
203 228
203 231
204 205
204 207
205 208
206 210
206 211
206 228
206 229
207 208
208 209
208 211
209 212
210 212
210 235
211 212
213 240
213 241
213 243
213 326
214 219
214 246
214 249
214 260
215 222
215 223
215 237
215 251
216 220
217 221
217 222
217 230
217 231
218 223
218 224
218 246
218 247
219 220
220 221
220 224
221 225
222 225
222 238
223 225
223 253
224 225
226 236
226 237
226 242
227 229
227 230
227 234
227 236
228 232
229 232
229 235
230 232
230 238
231 232
233 235
234 235
236 238
237 238
239 242
240 242
241 242
241 251
241 252
243 254
243 255
243 328
244 248
244 249
244 256
244 264
245 247
245 248
245 252
245 254
246 250
247 250
247 253
248 250
248 257
249 250
251 253
252 253
254 257
255 257
256 257
256 267
258 262
258 280
258 293
258 296
259 260
259 262
260 263
261 265
261 266
261 293
261 294
262 263
263 264
263 266
264 267
265 267
265 300
266 267
268 340
268 341
268 1030
269 271
270 333
270 393
270 394
271 329
271 330
271 341
272 323
272 324
272 329
272 344
273 330
273 331
273 333
274 320
274 321
274 364
274 387
275 304
275 305
275 324
275 331
276 290
276 291
276 304
276 327
277 305
277 306
277 308
277 336
278 283
278 311
278 314
278 359
279 286
279 287
279 302
279 316
280 284
281 285
281 286
281 295
281 296
282 287
282 288
282 311
282 312
283 284
284 285
284 288
285 289
286 289
286 303
287 289
287 318
288 289
290 298
290 299
290 328
291 301
291 302
291 307
292 294
292 295
292 299
292 301
293 297
294 297
294 300
295 297
295 303
296 297
298 300
299 300
301 303
302 303
304 307
305 307
306 307
306 316
306 317
308 319
308 320
308 339
309 313
309 314
309 321
309 363
310 312
310 313
310 317
310 319
311 315
312 315
312 318
313 315
313 322
314 315
316 318
317 318
319 322
320 322
321 322
321 366
323 325
323 345
324 325
324 332
325 326
325 327
326 328
327 328
329 332
330 332
331 332
331 335
333 335
334 337
334 338
334 380
334 393
335 336
335 337
336 339
337 339
338 339
338 387
338 388
340 342
340 1031
341 342
342 343
342 344
343 345
344 345
346 433
346 434
347 351
347 352
347 435
348 351
348 416
348 417
348 433
349 353
350 353
350 415
350 417
351 353
351 436
352 353
354 412
354 413
354 430
355 357
355 370
355 373
355 419
356 361
356 370
356 382
356 385
357 358
358 359
358 361
359 362
360 364
360 365
360 382
360 383
361 362
362 363
362 365
363 366
364 366
364 389
365 366
367 394
367 408
367 409
368 373
368 400
368 403
368 426
369 376
369 377
369 391
369 405
370 374
371 375
371 376
371 384
371 385
372 377
372 378
372 400
372 401
373 374
373 422
374 375
374 378
375 379
376 379
376 392
377 379
377 407
378 379
380 390
380 391
380 396
381 383
381 384
381 388
381 390
382 386
383 386
383 389
384 386
384 392
385 386
387 389
388 389
390 392
391 392
393 396
394 396
395 396
395 405
395 406
395 408
397 409
397 410
397 412
398 402
398 403
398 413
398 427
399 401
399 402
399 406
399 410
400 404
401 404
401 407
402 404
402 414
403 404
403 429
405 407
406 407
406 411
408 411
409 411
410 411
410 414
412 414
413 414
413 432
415 419
415 421
416 423
416 424
417 418
418 420
418 421
418 424
419 422
420 422
420 426
420 428
421 422
423 430
423 431
424 425
425 427
425 428
425 431
426 429
427 429
427 432
428 429
430 432
431 432
433 436
434 436
435 436
437 507
437 508
437 569
438 581
438 665
438 666
438 738
439 718
439 719
439 721
439 1029
440 556
440 557
440 611
440 634
441 468
441 469
441 499
442 511
442 548
442 549
442 575
443 534
443 535
443 560
443 723
444 478
444 479
444 520
444 539
445 449
445 463
445 466
446 472
446 473
446 505
446 524
447 479
447 480
447 482
447 562
448 455
448 456
448 476
448 489
449 453
450 454
450 455
450 465
450 466
451 456
451 457
451 484
451 485
452 453
453 454
453 457
454 458
455 458
455 477
456 458
456 491
457 458
459 463
459 464
459 468
460 469
460 470
460 472
460 503
461 473
461 474
461 476
461 481
462 464
462 465
462 470
462 474
463 467
464 467
464 471
465 467
465 477
466 467
468 471
469 471
470 471
470 475
472 475
472 506
473 475
474 475
474 477
476 477
478 481
478 523
478 524
479 481
480 481
480 489
480 490
482 492
482 493
482 564
483 485
483 486
483 490
483 492
484 488
485 488
485 491
486 488
486 494
487 488
489 491
490 491
492 494
493 494
495 499
495 500
495 507
496 508
496 509
496 511
496 573
497 517
497 518
497 530
497 546
498 500
498 509
498 526
498 527
499 502
500 502
500 510
501 504
501 505
501 522
501 526
502 503
502 504
503 506
504 506
505 506
505 525
507 510
508 510
509 510
509 514
511 514
511 576
512 516
512 517
512 544
512 548
513 515
513 518
513 527
513 528
514 515
514 516
515 519
516 519
517 519
517 547
518 519
518 532
520 530
520 531
520 540
521 522
521 523
521 528
521 531
522 525
522 529
523 525
524 525
526 529
527 529
528 529
528 532
530 532
531 532
533 552
533 553
533 597
533 615
534 557
534 558
534 727
535 538
535 539
535 561
536 537
536 538
536 542
536 558
537 540
537 545
537 546
538 540
539 540
541 549
541 550
541 552
541 595
542 553
542 554
542 559
543 544
543 545
543 550
543 554
544 547
544 551
545 547
546 547
548 551
549 551
550 551
550 555
552 555
552 598
553 555
554 555
556 559
556 614
556 615
557 559
558 559
560 561
560 725
561 562
561 563
562 564
563 564
565 569
565 570
565 577
566 578
566 579
566 581
566 736
567 587
567 588
567 643
567 644
568 570
568 579
568 599
568 600
569 572
570 572
570 580
571 574
571 575
571 592
571 599
572 573
572 574
573 576
574 576
575 576
575 594
577 580
578 580
579 580
579 584
581 584
581 739
582 586
582 587
582 658
582 665
583 585
583 588
583 600
583 601
584 585
584 586
585 589
586 589
587 589
587 660
588 589
588 605
590 608
590 609
590 621
590 641
591 592
591 601
591 617
591 618
592 594
592 602
593 596
593 597
593 613
593 617
594 595
594 596
595 598
596 598
597 598
597 616
599 602
600 602
601 602
601 605
603 607
603 608
603 639
603 643
604 606
604 609
604 618
604 619
605 606
605 607
606 610
607 610
608 610
608 642
609 610
609 623
611 621
611 622
611 635
612 613
612 614
612 619
612 622
613 616
613 620
614 616
615 616
617 620
618 620
619 620
619 623
621 623
622 623
624 669
624 706
624 707
624 764
625 692
625 693
625 718
625 1035
626 629
626 630
626 719
626 726
627 651
627 652
627 678
627 697
628 647
628 648
628 663
628 682
629 652
629 653
629 720
630 633
630 634
630 727
631 632
631 633
631 637
631 653
632 635
632 640
632 641
633 635
634 635
636 644
636 645
636 647
636 661
637 648
637 649
637 654
638 639
638 640
638 645
638 649
639 642
639 646
640 642
641 642
643 646
644 646
645 646
645 650
647 650
647 664
648 650
649 650
651 654
651 681
651 682
652 654
653 654
655 666
655 667
655 669
655 762
656 675
656 676
656 688
656 704
657 658
657 667
657 684
657 685
658 660
658 668
659 662
659 663
659 680
659 684
660 661
660 662
661 664
662 664
663 664
663 683
665 668
666 668
667 668
667 672
669 672
669 765
670 674
670 675
670 702
670 706
671 673
671 676
671 685
671 686
672 673
672 674
673 677
674 677
675 677
675 705
676 677
676 690
678 688
678 689
678 698
679 680
679 681
679 686
679 689
680 683
680 687
681 683
682 683
684 687
685 687
686 687
686 690
688 690
689 690
691 710
691 711
691 785
691 803
692 715
692 716
692 1036
693 696
693 697
693 720
694 695
694 696
694 700
694 716
695 698
695 703
695 704
696 698
697 698
699 707
699 708
699 710
699 783
700 711
700 712
700 717
701 702
701 703
701 708
701 712
702 705
702 709
703 705
704 705
706 709
707 709
708 709
708 713
710 713
710 786
711 713
712 713
714 717
714 802
714 803
715 717
716 717
718 720
719 720
721 722
721 1031
722 723
722 724
722 726
723 725
723 727
724 725
726 727
728 732
728 733
728 740
729 741
729 742
729 744
730 754
730 755
730 857
730 858
731 733
731 742
731 766
731 767
732 735
733 735
733 743
734 737
734 738
734 759
734 766
735 736
735 737
736 739
737 739
738 739
738 761
740 743
741 743
742 743
742 747
744 748
744 749
745 750
745 751
745 754
745 916
746 753
746 755
746 767
746 768
747 748
747 751
747 753
748 752
749 752
750 752
750 926
750 929
751 752
751 756
753 756
754 756
754 918
755 756
755 772
757 775
757 776
757 835
757 836
758 759
758 768
758 787
758 788
759 761
759 769
760 763
760 764
760 780
760 787
761 762
761 763
762 765
763 765
764 765
764 782
766 769
767 769
768 769
768 772
770 774
770 775
770 850
770 857
771 773
771 776
771 788
771 789
772 773
772 774
773 777
774 777
775 777
775 852
776 777
776 793
778 796
778 797
778 809
778 833
779 780
779 789
779 805
779 806
780 782
780 790
781 784
781 785
781 801
781 805
782 783
782 784
783 786
784 786
785 786
785 804
787 790
788 790
789 790
789 793
791 795
791 796
791 831
791 835
792 794
792 797
792 806
792 807
793 794
793 795
794 798
795 798
796 798
796 834
797 798
797 811
799 809
799 810
799 827
800 801
800 802
800 807
800 810
801 804
801 808
802 804
803 804
805 808
806 808
807 808
807 811
809 811
810 811
812 952
812 953
813 815
814 910
814 911
814 1032
815 906
815 907
815 1014
816 861
816 898
816 899
816 921
817 884
817 885
817 910
818 821
818 822
818 911
818 1034
819 843
819 844
819 870
819 889
820 839
820 840
820 855
820 874
821 844
821 845
821 912
822 825
822 826
822 1036
823 824
823 825
823 829
823 845
824 827
824 832
824 833
825 827
826 827
828 836
828 837
828 839
828 853
829 840
829 841
829 846
830 831
830 832
830 837
830 841
831 834
831 838
832 834
833 834
835 838
836 838
837 838
837 842
839 842
839 856
840 842
841 842
843 846
843 873
843 874
844 846
845 846
847 858
847 859
847 861
847 919
848 867
848 868
848 880
848 896
849 850
849 859
849 876
849 877
850 852
850 860
851 854
851 855
851 872
851 876
852 853
852 854
853 856
854 856
855 856
855 875
857 860
858 860
859 860
859 864
861 864
861 922
862 866
862 867
862 894
862 898
863 865
863 868
863 877
863 878
864 865
864 866
865 869
866 869
867 869
867 897
868 869
868 882
870 880
870 881
870 890
871 872
871 873
871 878
871 881
872 875
872 879
873 875
874 875
876 879
877 879
878 879
878 882
880 882
881 882
883 902
883 903
883 994
883 1018
884 907
884 908
885 888
885 889
885 912
886 887
886 888
886 892
886 908
887 890
887 895
887 896
888 890
889 890
891 899
891 900
891 902
891 992
892 903
892 904
892 909
893 894
893 895
893 900
893 904
894 897
894 901
895 897
896 897
898 901
899 901
900 901
900 905
902 905
902 995
903 905
904 905
906 909
906 1017
906 1018
907 909
908 909
910 912
911 912
913 940
913 941
913 973
914 980
914 1006
914 1007
915 949
915 950
915 958
915 996
916 918
916 948
916 950
917 920
917 921
917 989
917 996
918 919
918 920
919 922
920 922
921 922
921 991
923 927
923 935
923 936
924 945
924 946
924 960
924 961
925 928
925 929
925 933
925 948
926 930
927 930
928 930
928 935
928 938
929 930
931 936
931 937
931 940
932 941
932 942
932 945
932 976
933 944
933 946
933 951
934 937
934 938
934 942
934 944
935 939
936 939
937 939
937 943
938 939
940 943
941 943
942 943
942 947
944 947
945 947
945 978
946 947
948 951
949 951
949 960
949 963
950 951
952 973
952 974
953 979
953 980
954 970
954 971
954 985
954 1002
955 965
955 966
955 974
955 979
956 961
956 962
956 965
956 977
957 966
957 967
957 970
957 983
958 969
958 971
958 998
959 962
959 963
959 967
959 969
960 964
961 964
961 978
962 964
962 968
963 964
965 968
966 968
967 968
967 972
969 972
970 972
970 986
971 972
973 975
974 975
975 976
975 977
976 978
977 978
979 982
980 982
981 984
981 985
981 1003
981 1006
982 983
982 984
983 986
984 986
985 986
985 1005
987 1011
987 1012
987 1024
988 989
988 997
988 1020
988 1021
989 991
989 998
990 993
990 994
990 1016
990 1020
991 992
991 993
992 995
993 995
994 995
994 1019
996 998
997 998
997 1002
997 1004
999 1007
999 1008
999 1011
1000 1010
1000 1012
1000 1021
1000 1022
1001 1003
1001 1004
1001 1008
1001 1010
1002 1005
1003 1005
1003 1009
1004 1005
1006 1009
1007 1009
1008 1009
1008 1013
1010 1013
1011 1013
1012 1013
1012 1026
1014 1024
1014 1025
1015 1016
1015 1017
1015 1022
1015 1025
1016 1019
1016 1023
1017 1019
1018 1019
1020 1023
1021 1023
1022 1023
1022 1026
1024 1026
1025 1026
1027 1028
1028 1029
1028 1030
1028 1032
1029 1031
1029 1033
1030 1031
1032 1033
1033 1034
1033 1035
1034 1036
1035 1036
